-78.05816441929836
-78.05816441929836
-77.53681320775954
-77.53681320775954
-77.02773409028785
-76.39372645239771
-73.52392379633045
-73.52392379633045
-73.52392379633045
-73.52392379633045
-73.52392379633045
-73.52392379633045
-73.52392379633045
-73.52392379633045
-73.52392379633045
-72.66497506468752
-71.77053208084772
-71.77053208084772
-71.77053208084772
-71.77053208084772
-71.77053208084772
-71.77053208084772
-71.77053208084772
-71.77053208084772
-71.77053208084772
-71.77053208084772
-73.49382448015768
-73.6896629362062
-73.6896629362062
-73.04762007032028
-73.04762007032028
-73.04762007032028
-73.04762007032028
-73.04762007032028
-73.04762007032028
-73.98305291941637
-74.59601847257555
-74.59601847257555
-74.59601847257555
-74.59601847257555
-74.59601847257555
-75.66247080751768
-71.95059305003761
-71.85901707719287
-71.85901707719287
-74.28780096921164
-73.0910909329338
-73.0910909329338
-72.1866147162687
-72.1866147162687
-72.1866147162687
-72.5830432406432
-72.5830432406432
-73.88122179791148
-73.88122179791148
-73.75131253804072
-73.75131253804072
-73.75131253804072
-71.32430147643603
-71.32430147643603
-71.32430147643603
-71.32430147643603
-71.32430147643603
-71.32430147643603
-71.32430147643603
-71.32430147643603
-71.32430147643603
-71.32430147643603
-71.32430147643603
-71.32430147643603
-71.32430147643603
-71.32430147643603
-71.32430147643603
-71.32430147643603
-71.32430147643603
-71.32430147643603
-71.32430147643603
-71.32430147643603
-71.32430147643603
-71.32430147643603
-77.48636005375445
-76.80129565441297
-76.80129565441297
-77.98001029369567
-78.82790223743109
-78.2541330680551
-78.62097092720096
-75.32578571479405
-75.32578571479405
-75.32578571479405
-75.32578571479405
-74.68372247229992
-74.68372247229992
-74.52965594395157
-74.52965594395157
-73.08554124923636
-74.75428036077795
-72.5891292617777
-72.5891292617777
-72.5891292617777
-72.5891292617777
-72.5891292617777
-73.51232534463514
-78.1567036381775
-78.1567036381775
-78.1567036381775
-78.02914120687986
-76.61551248877771
-76.61551248877771
-76.04259474002383
-75.26410898877177
-73.06941461530013
-73.8632057064033
-74.96447797977224
-74.96447797977224
-74.96447797977224
-74.22242165959088
-74.18756284913954
-75.76611393554352
-75.92800536038783
-72.82021056508822
-72.82021056508822
-72.82021056508822
-76.05906136755065
-76.05906136755065
-76.05906136755065
-76.05906136755065
-76.05906136755065
-76.05906136755065
-71.9848208212227
-71.9848208212227
-72.36277356787939
-72.93537789335477
-72.93537789335477
-72.93537789335477
-76.43362940309997
-74.1082273335663
-72.99406667518623
-73.4237815163936
-73.4237815163936
-73.21405322021678
-73.21405322021678
-71.39553320757062
-71.3061948963781
-71.3061948963781
-71.3061948963781
-71.3061948963781
-71.3061948963781
-71.3061948963781
-71.3061948963781
-71.3061948963781
-74.35995999524854
-74.35995999524854
-74.35995999524854
-74.35995999524854
-74.35995999524854
-74.53946956340836
-74.53946956340836
-73.47462247557202
-73.47462247557202
-73.13517711087647
-73.13517711087647
-73.13517711087647
-72.47207963463194
-72.47207963463194
-74.1326510020995
-72.8221025863966
-72.8221025863966
-72.8221025863966
-72.8221025863966
-72.8221025863966
-72.87254091819531
-72.87254091819531
-72.87254091819531
-74.06788132435209
-74.06788132435209
-73.46381244072572
-73.46381244072572
-73.46381244072572
-73.46381244072572
-73.46381244072572
-73.46381244072572
-73.46381244072572
-73.46381244072572
-73.46381244072572
-73.46381244072572
-73.46381244072572
-73.46381244072572
-73.2386774808967
-73.2386774808967
-73.2386774808967
-73.2386774808967
-73.2386774808967
-73.2386774808967
-73.2386774808967
-73.2386774808967
-73.2386774808967
-73.2386774808967
-73.2386774808967
-73.2386774808967
-73.2386774808967
