-154.09654551580263
-160.64242079518507
-84.59671692891462
-82.55374576139943
-74.0349012734602
-74.0349012734602
-74.0349012734602
-74.0349012734602
-74.0349012734602
-75.5102476552499
-74.63669045739205
-74.63669045739205
-73.86160589979286
-76.0035392687699
-77.80051705362297
-77.80051705362297
-77.80051705362297
-76.09983353955207
-76.09983353955207
-74.54846981582082
-74.54846981582082
-73.96790486637916
-73.96790486637916
-74.68916254467987
-74.26630647887461
-73.77301335532056
-72.96757819827941
-72.96757819827941
-72.96757819827941
-75.25582959080795
-74.2677412616449
-74.2677412616449
-76.54751538822245
-73.04092919109864
-73.04092919109864
-73.86781617062748
-72.37463978276129
-72.37463978276129
-72.37463978276129
-72.37463978276129
-72.37463978276129
-72.37463978276129
-72.37463978276129
-72.37463978276129
-72.37463978276129
-73.94563869811336
-73.94563869811336
-73.94563869811336
-73.94563869811336
-76.17119765978312
-77.13935020260828
-74.20845968119741
-74.20845968119741
-75.30255943354928
-75.30255943354928
-73.70812375694979
-73.70812375694979
-73.70812375694979
-73.70812375694979
-73.70812375694979
-74.76305105120774
-74.76305105120774
-75.96284963027932
-75.91425606686458
-75.91425606686458
-75.1053781697736
-74.85617624909852
-74.85617624909852
-74.85617624909852
-74.72104740891697
-77.62811806369697
-76.98217834096077
-76.3388241616848
-72.90700642490506
-72.90700642490506
-72.90700642490506
-72.90700642490506
-72.90700642490506
-72.90700642490506
-72.93953285500257
-72.93953285500257
-72.93953285500257
-72.93953285500257
-75.71314267262896
-75.71314267262896
-73.7368313169865
-73.7368313169865
-73.7368313169865
-74.12513252178476
-74.12513252178476
-74.12513252178476
-74.12513252178476
-74.12513252178476
-74.12513252178476
-73.51476515850158
-74.05774102676307
-74.05774102676307
-76.14145823651026
-72.96468098556913
-72.02474671822912
-72.02474671822912
-72.02474671822912
-72.02474671822912
-72.02474671822912
-72.02474671822912
-71.4622754132479
-72.40805432180775
-72.40805432180775
-75.3548942202105
-72.42158003779052
-72.42158003779052
-72.42158003779052
-73.53426930004754
-73.53426930004754
-73.53426930004754
-73.53426930004754
-73.53426930004754
-73.53426930004754
-73.53426930004754
-73.53426930004754
-73.53426930004754
-73.53426930004754
-73.53426930004754
-73.53426930004754
-73.53426930004754
-73.53426930004754
-73.53426930004754
-73.53426930004754
-73.53426930004754
-73.53426930004754
-73.53426930004754
-73.53426930004754
-74.54887854701316
-74.54887854701316
-74.54887854701316
-74.54887854701316
-74.54887854701316
-78.43063133902045
-77.94128480850135
-77.94128480850135
-77.94128480850135
-76.0947746794927
-76.0947746794927
-74.94593591382436
-75.68629741238344
-75.68629741238344
-75.68629741238344
-75.68629741238344
-75.68629741238344
-74.98869438033533
-74.98869438033533
-74.98869438033533
-74.98869438033533
-73.98213669912526
-74.60757320923149
-74.60757320923149
-74.60757320923149
-74.60757320923149
-74.60757320923149
-76.56838669211788
-72.53395637103979
-72.53395637103979
-73.37024517543395
-72.95671292326477
-72.34269274329539
-72.36281907954728
-72.36281907954728
-72.36281907954728
-72.36281907954728
-72.36281907954728
-72.36281907954728
-72.36281907954728
-72.36281907954728
-72.36281907954728
-72.36281907954728
-72.36281907954728
-73.39241221108945
-73.39241221108945
-72.36686230516747
-72.36686230516747
-72.36686230516747
-72.36686230516747
-72.36686230516747
-74.74287263377958
-74.74287263377958
-74.27748449422859
-74.27748449422859
-74.27748449422859
-74.27748449422859
-74.27748449422859
-74.27748449422859
-78.88549584580811
-75.95689509589184
-75.95689509589184
-76.79321038543836
-76.79321038543836
-76.79321038543836
-76.79321038543836
-76.79321038543836
-76.79321038543836
-76.79321038543836
