-85.22181677577606
-79.37438675165544
-74.22674201187343
-74.82267473503516
-75.62035319527197
-75.46249837125049
-72.46088675736691
-72.86704751782138
-74.13262500808456
-74.13262500808456
-76.59389957676372
-74.37057819532083
-74.37057819532083
-74.37057819532083
-75.88265657933847
-75.88265657933847
-76.36852164326267
-75.59464595409867
-72.3265237995291
-72.3265237995291
-72.3265237995291
-72.3265237995291
-72.3265237995291
-72.3265237995291
-72.3265237995291
-72.3265237995291
-73.19907983710942
-73.19907983710942
-73.19907983710942
-73.19907983710942
-73.19907983710942
-73.09994599786769
-73.09994599786769
-73.09994599786769
-76.2760866446935
-76.80272745652545
-76.80272745652545
-74.56098212075514
-74.56098212075514
-74.56098212075514
-74.56098212075514
-74.56098212075514
-74.56098212075514
-74.56098212075514
-74.56098212075514
-74.56098212075514
-74.56098212075514
-74.56098212075514
-75.05211211054373
-74.08234869944518
-74.47191484601943
-74.47191484601943
-76.39567207231335
-73.91782738143498
-73.91782738143498
-74.31611018642651
-74.31611018642651
-73.57321708509141
-74.79820379805729
-74.9298358554838
-73.41589128904873
-73.41589128904873
-73.41589128904873
-73.41589128904873
-73.41589128904873
-73.41589128904873
-74.00998391819229
-74.00998391819229
-74.00998391819229
-76.44855410281171
-76.82158921365824
-75.05884090176261
-73.3490241137239
-73.3490241137239
-74.92565146099628
-77.25911420417012
-77.25911420417012
-76.16277989943211
-78.15202494867162
-75.3584312845182
-74.3299144853825
-74.3299144853825
-74.52972246155167
-74.52972246155167
-74.52972246155167
-75.5509077576333
-71.7033252245941
-71.7033252245941
-71.7033252245941
-71.7033252245941
-71.7033252245941
-73.0656144671007
-73.0656144671007
-73.0656144671007
-72.32710835744194
-72.32710835744194
-72.32710835744194
-72.32710835744194
-72.32710835744194
-72.32710835744194
-72.03468996460013
-72.03468996460013
-76.3146101300178
-74.62301360197046
-75.97820788316356
-73.51258792301334
-73.51258792301334
-73.51258792301334
-73.51258792301334
-73.51258792301334
-73.51258792301334
-73.51258792301334
-73.51258792301334
-73.51258792301334
-73.51258792301334
-73.51258792301334
-73.51258792301334
-73.51258792301334
-73.51258792301334
-73.51258792301334
-73.51258792301334
-73.51258792301334
-75.76714470654218
-75.20593980044326
-75.65941667091082
-74.97748737269914
-77.41193320739669
-75.48835861800664
-74.19943724823733
-74.19943724823733
-74.19943724823733
-74.19943724823733
-74.19943724823733
-74.19943724823733
-72.40759535518973
-72.40759535518973
-75.81698842268469
-72.86979004551722
-77.52682439407147
-73.35750478633723
-73.35750478633723
-73.35750478633723
-73.35750478633723
-76.46947710675595
-73.24015013478747
-73.24015013478747
-73.24015013478747
-73.24015013478747
-73.24015013478747
-73.24015013478747
-73.24015013478747
-73.24015013478747
-73.24015013478747
-73.24015013478747
-73.24015013478747
-73.24015013478747
-73.24015013478747
-73.24015013478747
-73.24015013478747
-72.597131361471
-72.597131361471
-72.597131361471
-72.597131361471
-72.597131361471
-72.597131361471
-72.597131361471
-73.12928749360331
-73.12928749360331
-75.3722250437634
-75.3722250437634
-75.3722250437634
-74.69744947986499
-75.51517620041156
-75.51517620041156
-75.51517620041156
-73.01035990364201
-73.01035990364201
-73.01035990364201
-73.01035990364201
-73.01035990364201
-73.01035990364201
-73.01035990364201
-73.01035990364201
-73.01035990364201
-73.01035990364201
-73.01035990364201
-75.20221858509764
-73.67543330556354
-73.67543330556354
-73.67543330556354
-75.14104672599304
-75.14104672599304
-73.79554175016163
-73.79554175016163
-73.79554175016163
-73.71253603756239
-73.71253603756239
-76.26438301849548
-76.26438301849548
-76.26438301849548
-74.70150071851421
