-1317.5761401472998
-85.93968409436815
-77.18035258449554
-77.1123298499349
-73.33831245995913
-73.33831245995913
-73.33831245995913
-76.16683983345409
-76.16683983345409
-75.2908186956655
-74.4503082382603
-73.18017454612651
-75.93043686952534
-75.93043686952534
-75.93043686952534
-74.17974337138178
-80.16753021069289
-75.73810327524019
-72.99088392824879
-72.99088392824879
-72.99088392824879
-72.99088392824879
-72.99088392824879
-72.99088392824879
-72.99088392824879
-72.99088392824879
-74.42738904708126
-74.42738904708126
-74.42738904708126
-74.42738904708126
-77.17244336617524
-76.37672568601829
-76.69766824578521
-74.0806564162834
-75.40824827930953
-73.41933341623854
-73.41933341623854
-73.41933341623854
-73.41933341623854
-73.41933341623854
-74.69116986795461
-77.21199175045047
-73.53315869588424
-73.53315869588424
-72.55206230013538
-73.74110200142061
-73.35472479124066
-74.6492777641929
-74.6492777641929
-74.6492777641929
-74.6492777641929
-74.36644183324867
-76.96234222520168
-73.30133612943987
-72.65373852404562
-72.65373852404562
-72.83559202084285
-70.92083734548557
-70.92083734548557
-70.92083734548557
-70.92083734548557
-74.61597961931089
-73.20371050802575
-73.20371050802575
-71.57549626800231
-71.57549626800231
-71.57549626800231
-71.57549626800231
-72.97104897547692
-72.97104897547692
-72.97104897547692
-72.97104897547692
-72.97104897547692
-72.97104897547692
-72.97104897547692
-73.81314063478828
-73.81314063478828
-73.81314063478828
-73.81314063478828
-73.81314063478828
-73.81314063478828
-74.13244564148009
-74.13244564148009
-74.13244564148009
-73.91475109243842
-73.91475109243842
-72.65088102655952
-76.38276913764302
-77.73156174542437
-73.87149401435614
-73.87149401435614
-77.67921138862985
-75.5579368393399
-74.78052658946538
-72.90272525511656
-72.90272525511656
-72.90272525511656
-72.90272525511656
-74.61371370467565
-74.8263894451643
-74.86827983537376
-74.86827983537376
-74.86827983537376
-74.1382909710526
-73.98408710181774
-74.0034603826505
-74.0034603826505
-74.0034603826505
-74.0034603826505
-74.0034603826505
-72.66164942887572
-72.66164942887572
-72.66164942887572
-72.66164942887572
-72.66164942887572
-72.66164942887572
-73.18202257273089
-73.18202257273089
-73.18202257273089
-73.18202257273089
-73.1400439260167
-73.1400439260167
-73.1400439260167
-73.1400439260167
-73.1400439260167
-75.16201496383397
-74.45034270775307
-74.45034270775307
-74.45034270775307
-75.68863113452437
-73.33585920268371
-77.17203203769772
-76.41472072073009
-73.43676032999193
-73.43676032999193
-73.43676032999193
-73.43676032999193
-73.43676032999193
-72.98988219239273
-73.98804964232716
-74.5477162008461
-75.48234749865598
-75.48234749865598
-76.12646539847024
-76.12646539847024
-76.12646539847024
-76.12646539847024
-76.3554490236216
-76.3554490236216
-74.85977267477489
-74.85977267477489
-74.85977267477489
-74.85977267477489
-76.36814408120304
-76.36814408120304
-76.15120110006873
-76.15120110006873
-74.60757586816533
-74.60757586816533
-77.1157717638626
-76.73127035535482
-77.37920531022746
-76.1074583357135
-76.1074583357135
-74.43194576972085
-74.43194576972085
-74.43194576972085
-75.97074556772718
-75.97074556772718
-75.14652484883618
-75.14652484883618
-72.92577001248993
-72.92577001248993
-72.92577001248993
-72.92577001248993
-74.96031697467726
-74.96031697467726
-74.96031697467726
-77.59005336889737
-73.0690564942041
-73.0690564942041
-73.0690564942041
-73.0690564942041
-73.0690564942041
-73.0690564942041
-73.0690564942041
-73.0690564942041
-73.0690564942041
-73.21767848147412
-73.21767848147412
-73.21767848147412
-73.21767848147412
-77.38652212853084
-74.68325762980677
-74.68325762980677
-74.68325762980677
-73.70010964704817
-73.70010964704817
-73.70010964704817
-73.70010964704817
-74.0115441966706
