-802.4607483351028
-802.4607483351028
-748.5731457867429
-748.5731457867429
-747.0504304826267
-744.3292458307008
-744.3292458307008
-745.8845679056117
-741.2890005926317
-741.2890005926317
-740.3424913431955
-740.3424913431955
-743.0274056973597
-740.928444233671
-740.6676236540451
-737.8702796352595
-737.8702796352595
-738.3082851671626
-740.1049309102954
-731.7708573717484
-732.6060421773125
-732.167661728296
-732.5657375083813
-729.4038400303652
-729.4608599339124
-727.5714049560878
-728.2050097013074
-727.4447652408162
-723.5176092150892
-723.161728892385
-721.5671034859694
-726.1524546827103
-722.4880736555781
-721.2485014311752
-721.2485014311752
-721.003042193667
-718.4892963029595
-719.3992659580691
-720.8318334583939
-718.5838286162425
-718.2081916425218
-719.043835072196
-718.9420066273552
-719.1151095626689
-718.1822054565873
-718.6408914963447
-714.7507820258303
-714.7507820258303
-714.7507820258303
-718.4360633629053
-716.114432313176
-715.379515536521
-715.379515536521
-714.827530084492
-712.8219332598021
-713.5138442038599
-712.4193276715761
-712.004299517193
-712.004299517193
-712.8932729359742
-710.5972618745478
-710.5972618745478
-711.166223383576
-710.0653222626518
-708.264042385328
-708.095581944841
-708.5926193869046
-707.4229149143526
-709.2587048909709
-706.5619384297754
-705.9210081882276
-706.7965002977569
-706.8508945165538
-706.539097550355
-707.3430610268798
-707.4220386149246
-708.9085233734153
-706.9810368635924
-707.3678959370615
-707.1835626392123
-704.3474728923695
-706.1584333025545
-706.1415247232884
-706.2072439984685
-706.980824794148
-706.1982633923981
-706.5514252009998
-707.1922544997151
-705.8319080521884
-707.296670114993
-708.6714053218466
-708.7795482111997
-707.1257757019338
-705.3835965751589
-706.4878086585774
-708.0033445318162
-705.7173713009963
-707.381862187417
-706.3424864333635
-705.3124535472938
-704.995672336881
-706.8001873987774
-704.2355226973315
-707.3538027034874
-704.6724228547416
-705.0528736833613
-705.3516693091649
-707.152235314872
-704.6869305380179
-704.4949169477699
-704.3046730576648
-704.2758324395645
-705.809932698975
-704.4849753807682
-703.686462378333
-704.3810365392658
-704.7310570037017
-705.7005769367383
-706.1261541247328
-705.0650735235158
-704.9104772271172
-705.4935881385879
-704.9856530786285
-705.4311076056795
-703.7521278340257
-704.2445613361818
-704.0218831225947
-704.0218831225947
-704.7706588741869
-704.038708038854
-706.694437699254
-706.6648453414864
-705.416047571327
-705.2765966251411
-706.0370762758173
-705.4052733475537
-706.01438745558
-706.0241478303125
-706.6735087533185
-706.5593122305941
-705.3615321141041
-705.417674464701
-706.6888689370096
-706.7431824866018
-705.9474302246537
-705.9725499582146
-706.4393254520162
-707.0748376482394
-706.1905783924193
-705.42798892856
-706.3692904370207
-707.363978441709
-707.660211468599
-707.519148629725
-705.8985666868878
-705.8985666868878
-705.8985666868878
-707.3862469283869
-709.6128543095551
-709.0401657396611
-708.0101903874709
-707.4146038340663
-707.4146038340663
-709.1241478601588
-707.416240352608
-707.5839697753144
-706.5534191108635
-706.5534191108635
-706.8627564614065
-707.7798653285049
-709.1333585975241
-705.2983218615808
-705.2823145025986
-705.5976698071217
-705.8319179802614
-705.8094926049267
-705.145482267251
-705.2930674513361
-706.675862681222
-706.7738303145559
-706.4640603763038
-704.3966348328966
-704.7224005589242
-706.4671537700807
-704.8071403206346
-706.4882677163563
-706.5794494933756
-705.9029190718655
-704.5453760174524
-702.5349831569104
-703.4798466434131
-705.5836727743607
-705.1689611084419
-703.6105600981725
-704.7767826997137
-703.2219557217388
-703.7947645809129
-703.8369294153279
-704.6915691675077
-704.9283702033146
-705.8453469078844
