-738.0739631910678
-736.9601532023087
-725.6369894127375
-725.6369894127375
-723.998300729337
-723.998300729337
-721.6767310813588
-717.1778967914904
-717.1778967914904
-717.1778967914904
-717.1778967914904
-717.1778967914904
-717.1778967914904
-717.1778967914904
-717.1778967914904
-717.1778967914904
-717.1778967914904
-717.1778967914904
-717.1778967914904
-717.1778967914904
-717.1778967914904
-717.1778967914904
-717.1778967914904
-717.1778967914904
-717.1778967914904
-717.1778967914904
-717.1778967914904
-717.5308775373313
-717.5308775373313
-717.5308775373313
-717.5308775373313
-717.5308775373313
-717.5308775373313
-717.5308775373313
-717.5308775373313
-717.5308775373313
-717.5308775373313
-717.5308775373313
-709.684655315892
-709.684655315892
-709.684655315892
-709.684655315892
-709.684655315892
-709.684655315892
-709.684655315892
-709.684655315892
-709.684655315892
-709.684655315892
-709.684655315892
-709.684655315892
-709.684655315892
-709.684655315892
-709.684655315892
-709.684655315892
-709.684655315892
-709.684655315892
-709.684655315892
-709.684655315892
-709.684655315892
-710.7722747922753
-710.7722747922753
-710.7722747922753
-710.7722747922753
-710.7722747922753
-710.7722747922753
-710.7722747922753
-710.7722747922753
-710.7722747922753
-710.7722747922753
-710.7722747922753
-710.7722747922753
-710.7722747922753
-710.7722747922753
-710.7722747922753
-710.7722747922753
-710.7722747922753
-710.7722747922753
-710.7722747922753
-710.7722747922753
-710.7722747922753
-710.7722747922753
-710.7722747922753
-710.7722747922753
-710.7722747922753
-710.7722747922753
-710.7722747922753
-710.7722747922753
-710.7722747922753
-710.7722747922753
-710.7722747922753
-710.7722747922753
-710.7722747922753
-710.7722747922753
-710.7722747922753
-710.7722747922753
-710.7722747922753
-710.7722747922753
-710.7722747922753
-710.7722747922753
-709.4835620968926
-709.4835620968926
-709.4835620968926
-709.4835620968926
-709.4835620968926
-709.4835620968926
-709.4835620968926
-709.4835620968926
-709.4835620968926
-709.4835620968926
-709.4835620968926
-709.4835620968926
-709.4835620968926
-709.4835620968926
-709.4835620968926
-709.4835620968926
-709.4835620968926
-709.4835620968926
-709.4835620968926
-709.4835620968926
-709.4835620968926
-709.4835620968926
-709.4835620968926
-709.4835620968926
-709.4835620968926
-709.4835620968926
-709.4835620968926
-709.4835620968926
-709.4835620968926
-709.4835620968926
-709.4835620968926
-709.4835620968926
-709.4835620968926
-709.4835620968926
-709.4835620968926
-709.4835620968926
-709.4835620968926
-709.4835620968926
-709.4835620968926
-709.4835620968926
-709.4835620968926
-709.4835620968926
-709.4835620968926
-709.4835620968926
-709.4835620968926
-709.4835620968926
-709.4835620968926
-709.4835620968926
-709.4835620968926
-709.4835620968926
-709.4835620968926
-709.4835620968926
-709.4835620968926
-709.4835620968926
-709.4835620968926
-709.4835620968926
-709.4835620968926
-709.4835620968926
-709.4835620968926
-709.4835620968926
-709.4835620968926
-709.4835620968926
-709.4835620968926
-709.4835620968926
-709.4835620968926
-709.4835620968926
-709.4835620968926
-709.4835620968926
-709.4835620968926
-709.4835620968926
-709.4835620968926
-709.4835620968926
-709.4835620968926
-709.4835620968926
-709.4835620968926
-709.4835620968926
-709.4835620968926
-709.4835620968926
-709.4835620968926
-709.4835620968926
-709.4835620968926
-709.4835620968926
-709.4835620968926
-709.4835620968926
-709.4835620968926
-712.2054628735398
-712.2054628735398
-712.2054628735398
-712.2054628735398
-712.2054628735398
-712.2054628735398
-712.2054628735398
-712.2054628735398
-712.2054628735398
-712.2054628735398
-712.2054628735398
-712.2054628735398
-712.2054628735398
-712.2054628735398
-712.2054628735398
-712.2054628735398
-712.2054628735398
