-708.5063681616963
-708.3911972206386
-707.786129657257
-707.4135128529599
-708.2960256425226
-708.7330990507526
-708.1765341260752
-707.6415429548214
-707.530025185209
-707.9192236732138
-706.3390788517529
-708.0136951172226
-707.028395837688
-707.3919649473456
-708.2035009693935
-705.0634737368752
-706.5474502168757
-708.3789875220847
-704.8632588761853
-706.9500399796217
-707.0098738054261
-706.5969466846973
-707.5838692674904
-707.9394521027793
-705.3029581262764
-706.0794318151717
-705.0738617944942
-705.8142544060378
-708.2074525633968
-707.77749918393
-709.0205195594523
-707.9016723788586
-708.5318755263919
-707.5226831239597
-708.4537820844189
-707.5410879624957
-707.2735306888931
-706.876257445871
-708.749770855816
-708.1090980517438
-707.3574839587972
-706.7792497381545
-706.9604917399264
-705.9354824340797
-707.0836612340712
-705.9771281843019
-706.6852261017796
-704.350851396902
-704.5961150464161
-705.8040954002723
-704.5980595985158
-707.7122590580633
-705.7809429256101
-706.1692488726421
-706.0958102538951
-705.9419660438385
-704.8427499049519
-705.6055491919229
-706.8949649802867
-707.9295843082924
-708.2707715014842
-709.2894640560826
-711.1341066809779
-710.731777234788
-708.104789645041
-709.4776081182115
-708.9098072176528
-707.8532597903363
-707.567933079721
-707.567933079721
-708.7471419276773
-708.7712182376648
-709.4549061354859
-709.6902771452873
-709.3430608205801
-707.6491558432643
-707.8092788646809
-707.5710682703534
-707.9172988933642
-707.3410097152218
-708.1488828739133
-706.4505116381049
-707.9036597159258
-707.4225829168469
-708.5452004150025
-707.4716056275871
-706.8540460290316
-706.5509598602721
-705.6621871305404
-706.5105031735317
-706.7506083713745
-707.346843136843
-708.9796381765279
-705.9694152255381
-706.9537903359401
-706.2346199369521
-708.7494217385772
-708.911798026643
-707.7772691594253
-706.8905010805796
-707.5794771978545
-707.9262541820158
-706.6289411017704
-707.1197927290759
-705.0682761754067
-704.8116186837304
-707.2312265750631
-706.7130748668749
-703.4431725665706
-703.5425232100766
-703.0799233617001
-703.815339654746
-704.470477197984
-706.60584462381
-704.0354438336457
-704.9852353233691
-702.6604507931576
-702.9811148001932
-701.5578352950445
-704.215121522033
-702.9217280944282
-702.4932897790666
-701.4549501129204
-702.8109317821666
-703.1714763704998
-701.476031945732
-701.476031945732
-703.562063949467
-704.0210908864158
-702.9258420594903
-703.3661952831811
-703.336783118234
-703.3891858194678
-702.4095421893009
-701.0611559530754
-702.4835156852791
-703.096595533007
-702.9347246216344
-701.3855011592489
-703.0528158980659
-701.4257246185963
-700.8717845640867
-700.9119667730968
-701.7970385199787
-700.7889326584883
-700.5941181611634
-700.409266568074
-700.0746334629728
-702.543266880423
-702.486662668502
-701.4257518177118
-701.4257518177118
-701.4257518177118
-701.4257518177118
-704.4898144448073
-702.659900733344
-703.6671755642788
-702.2975950815603
-702.4015878784992
-702.4378098375183
-702.232430229471
-700.2243715040795
-700.400073435097
-699.4553446033326
-700.9523436036076
-700.2690275367178
-701.0577344975339
-700.8449793080518
-700.7714988161666
-702.095679363512
-700.858615607564
-701.2495537362604
-700.0512157244763
-700.2511945499126
-700.1065245633314
-701.0780998596722
-702.1175249599437
-700.9398308533703
-701.0066025342428
-701.7052459333682
-700.799614853154
-700.3469338408282
-701.5445732220671
-700.210530501102
-700.1189474323531
-701.3480015174733
-702.167410073959
-701.5305101509105
-700.7778664110361
-701.7122628652303
-701.171081804941
-701.4505678617703
-701.7613881591441
-702.0296659955425
-703.7399951867776
-701.0736509523981
-701.6411803698145
-700.3109393683762
-701.0081672601049
-700.962187876017
-701.6841394062261
