-739.6081181111687
-739.6081181111687
-750.0610637840678
-721.7247801470857
-721.7247801470857
-721.7247801470857
-721.7247801470857
-720.6775563321471
-720.6775563321471
-722.515189403154
-720.0532299405485
-720.0532299405485
-719.8553375221653
-721.141359314638
-721.141359314638
-721.141359314638
-721.141359314638
-721.141359314638
-722.2044458606837
-722.2044458606837
-723.1889089510606
-720.8030806846164
-720.7755293784638
-720.7755293784638
-720.7755293784638
-720.7755293784638
-720.7755293784638
-720.7755293784638
-720.7755293784638
-720.7755293784638
-720.2381189552916
-720.2381189552916
-719.7234214080993
-719.7234214080993
-719.7679241152888
-718.6634391375186
-718.99116719968
-718.99116719968
-713.3935131753815
-713.3935131753815
-713.3935131753815
-713.3935131753815
-713.3935131753815
-713.170576662634
-713.170576662634
-713.170576662634
-712.2942656686049
-712.9953471523635
-712.9953471523635
-712.9953471523635
-712.9953471523635
-712.9953471523635
-712.9953471523635
-712.9953471523635
-713.3539120328593
-713.9430325824252
-713.9430325824252
-712.065679904417
-715.054394876815
-715.054394876815
-714.2779407377394
-714.2779407377394
-716.137385910847
-715.5100018542425
-715.8050274274065
-715.2785347384147
-714.9083270900105
-716.0774843744103
-715.3635530527802
-714.9957843081011
-714.2577756202481
-714.2577756202481
-714.2577756202481
-713.9112646304196
-713.2898312646298
-715.0854000495649
-714.9421182798328
-712.594787614408
-712.594787614408
-712.594787614408
-712.0254220946119
-714.7204676717859
-711.5480380696586
-711.5480380696586
-711.9216076890864
-711.3191666584494
-711.3191666584494
-711.3191666584494
-711.3191666584494
-711.3191666584494
-711.3191666584494
-711.3191666584494
-711.3191666584494
-712.5740387881542
-713.4510778067036
-712.4113732186888
-710.9757073010766
-710.0034973449801
-710.0034973449801
-711.6962787217238
-711.6962787217238
-710.8411589944642
-710.6976023818617
-711.6861299251451
-711.7605404262754
-711.5246672683937
-711.5246672683937
-711.5246672683937
-710.7819841656175
-712.3551858124193
-714.5847422112521
-714.5847422112521
-712.4502568301847
-710.9467707842682
-710.9467707842682
-710.951664306012
-710.951664306012
-709.6429366083156
-708.0321507178086
-708.0321507178086
-709.4334788871624
-708.6910297114631
-708.6910297114631
-708.6910297114631
-708.2478059065918
-708.2478059065918
-708.2478059065918
-708.7439380284467
-708.7439380284467
-711.7698587690346
-711.0833773982556
-708.8343525574179
-708.8343525574179
-708.6174294335148
-709.4535520068167
-710.3541645967715
-711.2417497208936
-710.4951734574873
-710.4951734574873
-711.3939407110563
-712.0364748162472
-712.2223172519864
-708.6708158459522
-708.4335907047531
-709.4981057624079
-710.0426331970922
-708.7000067705904
-707.5088225140919
-708.4485250342404
-709.6291831053001
-708.6046126318487
-708.5780122833528
-708.5698896017078
-706.497685094003
-707.0865518936588
-707.0441578624866
-706.1670429349082
-705.8405721257824
-706.9409713339471
-703.3073127932697
-703.3073127932697
-704.0644073738055
-704.0644073738055
-704.7537154662557
-704.9146686061144
-706.2836826381694
-705.3731252253917
-703.4141549451546
-703.4890371985098
-703.4890371985098
-701.999667309261
-701.999667309261
-701.999667309261
-702.9978540915843
-702.792061830189
-705.983129650104
-704.1115974288768
-704.0413917953135
-704.321768029163
-703.4478999499714
-705.4781656445596
-703.2860525453603
-704.3224617278496
-705.6573167376117
-705.9144693767129
-706.1848599563838
-705.6512082563358
-707.875531984087
-706.6691399720594
-707.6315119561474
-708.1048431423036
-708.6778576150544
-708.8574251653916
-708.7226096878269
-707.9019012357851
-707.5992709351077
-706.741307405097
-706.741307405097
-707.2870781193786
-707.8232425093896
-707.1342240196116
