NaN
NaN
NaN
1.744935
1.378013
1.032909
1.410971
1.973014
1.892066
2.103104
2.17913
2.079462
2.076762
2.122779
2.208435
2.129334
2.022357
2.078698
2.090937
2.38011
2.402412
2.004093
1.92459
1.889951
1.810442
1.713843
1.596922
1.483312
1.381878
1.287131
1.176679
1.034061
0.9221733
0.8543907
0.8188982
0.7505179
0.6827551
0.646754
0.6114882
0.5451285
0.5132143
0.531042
0.5214366
0.5167446
0.5386817
0.5356557
0.5096539
0.4764433
0.5239879
0.5896808
0.5964807
0.65682
0.6634465
0.6015903
0.6058838
0.7010203
0.7675332
0.7016695
0.6599295
0.6939223
0.6684185
0.6561707
0.7494639
0.8675078
0.880448
0.9559331
0.956875
0.9844905
0.9668223
0.8738112
0.956723
0.9548247
0.9424094
0.9655266
1.040785
1.013008
0.8712908
0.8207452
0.7821351
0.869054
1.013262
1.017938
0.9759598
0.9597675
1.10874
1.198046
1.072678
1.10118
1.167906
1.063582
1.019806
1.104644
1.132213
1.11575
1.107716
1.185353
1.249893
1.152186
1.195017
1.192075
0.9931101
1.028698
1.183951
1.251688
1.273796
1.200773
1.16839
1.247466
1.213835
1.101543
1.115068
1.184397
1.192988
1.153286
1.163531
1.204644
1.196773
1.141652
1.068711
1.095042
1.169761
1.157828
1.15487
1.08804
1.022877
1.027812
1.031546
0.9886186
0.9566989
0.9692937
0.9778355
0.9689316
0.9619162
0.9848652
1.010502
0.9981139
0.9403152
0.8632402
0.8833229
0.973505
0.9415032
0.9078829
0.9530325
0.9514446
0.9387874
0.9381028
0.9139194
0.9531773
0.9602947
1.301408
1.680604
1.671092
1.572264
1.448442
1.366265
1.308675
1.275232
1.126435
1.038573
1.010311
0.9262537
0.9492021
0.8903139
0.803924
0.7906473
0.7602439
0.7380953
0.747888
0.7567091
0.7477839
0.7336256
0.7093498
0.6873715
0.7165372
0.7879103
0.7912402
0.749434
0.8087442
0.8456583
0.7912346
0.8115478
0.8634235
0.8951052
0.8390054
0.8472831
0.9359647
0.9335763
0.9279914
0.9157913
0.882413
0.9393443
1.001808
1.01323
1.068468
1.093315
1.089709
1.100871
1.04785
1.074647
1.148911
1.146154
1.150977
1.108723
1.088476
1.116115
1.120705
1.126453
1.098536
1.040145
0.9731686
1.018445
1.121579
1.081327
1.020992
1.059868
1.047791
1.039106
1.113815
1.107221
1.067172
1.031901
0.9814527
0.9934888
1.016096
0.9924564
0.9639768
0.9950679
1.018234
0.9072785
0.8789902
0.9676988
0.9538845
0.9755906
0.9423893
0.9199718
0.9918826
0.9549779
0.9038844
0.9129543
0.9934452
0.9931531
0.9745777
0.9270564
0.8971875
0.9288281
0.8749478
0.838494
0.9056681
0.9710429
0.9733033
0.9666919
0.9833478
0.9895451
1.074643
1.078394
0.979977
0.9812014
1.021277
1.110285
1.073729
1.013575
1.062171
1.104559
1.062116
1.065777
1.082
1.090541
1.06884
1.045631
1.045028
1.037047
1.046249
1.000807
0.9839466
0.9255759
0.9376015
1.029741
0.9853989
0.9573951
0.9769176
0.9707552
1.03777
1.027586
0.9718368
0.9917152
1.020228
1.042293
1.032116
0.9641294
0.9419575
1.023164
1.063178
1.041043
1.063186
1.036322
0.9780991
0.9511211
0.9735037
1.013013
0.9973825
0.9680598
0.9630946
0.9774662
1.005548
0.9953133
0.9980347
0.998338
1.003284
1.000745
0.8928911
0.8829043
0.9635062
0.990817
1.002252
1.000442
0.915108
0.9536668
1.031922
0.961646
0.967695
1.024442
1.059402
1.031806
1.061356
1.062604
0.9105088
0.9157205
0.9720667
0.9839027
0.9765491
1.015497
1.02529
0.9757691
0.9890766
0.9808899
1.043949
1.090051
1.019316
0.9565908
1.030717
1.076337
0.9703645
0.9724378
1.017458
1.022516
1.000671
1.013674
1.044265
1.002585
0.9662037
1.052242
1.138062
1.081458
1.02906
1.049965
1.103767
1.070882
1.007668
0.9539698
0.9701241
0.973565
0.9511083
1.003175
0.9707062
0.8837841
0.919364
0.9668756
0.9872403
1.014323
1.020993
1.048742
0.9371669
0.8968632
0.9586864
0.9742637
0.9465811
0.9671452
0.9898402
0.9587898
1.025011
1.114055
1.088387
1.036888
1.031995
0.9628702
0.9177496
0.9684665
1.015506
1.060929
1.108596
1.063675
1.030496
1.003291
1.004033
1.025207
0.9853979
0.9368382
0.9786447
1.013134
1.025862
1.019693
0.9682877
0.9384529
0.9538188
1.044047
0.9957395
0.9231134
0.9932158
0.9964348
0.9790634
1.026386
0.9810088
0.8893304
0.9495802
1.04051
1.00942
0.9966714
0.9969081
1.03199
1.018384
1.055582
1.041048
0.9421978
1.014836
1.033353
0.9446121
0.9570435
0.9717733
0.9160652
0.9542226
1.02771
1.014652
0.9502762
1.045502
1.074876
1.070042
1.031717
0.9155915
0.9531065
1.014559
0.9960163
0.9947902
0.9440894
0.8779875
0.9319564
0.954209
0.934847
0.9120559
0.9906145
1.107787
1.098848
0.9621827
0.9917468
1.083306
1.040276
0.9935521
0.9433305
0.9516724
0.9981297
1.010961
0.9924856
1.064089
1.081993
1.033955
0.9991508
0.9167896
1.027091
1.140742
1.112681
1.085971
1.046541
1.024272
0.9816483
1.016868
1.023549
1.011036
0.9929813
0.943471
1.028131
1.02356
0.9822758
0.9676745
0.9148032
0.9354494
0.9390478
0.895625
0.9134939
0.9345275
0.9495329
1.0048
1.019949
0.998328
1.013808
0.9613448
0.9529319
0.982985
0.9637793
0.9640473
0.9895637
0
