-2838.5379098163803
-2848.7840620564634
-2835.9169284553836
-2833.2827301603324
-2831.170731106473
-2831.170731106473
-2834.052769864592
-2832.38268182721
-2832.705263306766
-2832.705263306766
-2830.688327494614
-2830.246363156918
-2829.4714157019325
-2829.4714157019325
-2829.4714157019325
-2830.075036596365
-2831.0357545937186
-2831.0357545937186
-2831.0357545937186
-2831.0357545937186
-2831.0357545937186
-2832.984075706496
-2829.543833703708
-2830.724374715192
-2830.3379117887685
-2831.0093985215262
-2830.7085467590186
-2830.914035952815
-2828.281590914236
-2828.281590914236
-2830.484325887232
-2829.509018227917
-2829.509018227917
-2830.246738616273
-2831.607118577669
-2833.8074528499974
-2830.305887590027
-2829.165051896075
-2828.320308257275
-2828.6973110938534
-2829.5995553111884
-2829.5995553111884
-2829.58571104145
-2831.1261217524825
-2826.8024921031474
-2826.8024921031474
-2826.8024921031474
-2829.619138597687
-2829.7163532815334
-2829.7163532815334
-2829.7163532815334
-2829.7163532815334
-2829.7163532815334
-2830.1951618649236
-2830.1951618649236
-2829.7611622532795
-2827.8322585520746
-2827.8322585520746
-2828.2928179845626
-2828.077997235092
-2828.077997235092
-2828.077997235092
-2828.077997235092
-2828.077997235092
-2829.8203457076042
-2830.0091947100136
-2830.0091947100136
-2830.0091947100136
-2828.111511495068
-2829.6697478821184
-2827.9597800361453
-2828.076743125376
-2829.1496116006665
-2831.473457035586
-2827.918070637895
-2828.4765910653423
-2829.9625513180763
-2829.9625513180763
-2828.7996797596024
-2828.5158961588063
-2830.96443621402
-2828.8662574336495
-2826.0613487980486
-2826.0613487980486
-2826.0613487980486
-2826.0613487980486
-2826.0613487980486
-2826.0613487980486
-2827.100939503035
-2830.0383300441067
-2830.488818456018
-2831.232663114244
-2831.232663114244
-2831.232663114244
-2831.0961194039073
-2831.3431648678284
-2833.028917052673
-2833.028917052673
-2833.028917052673
-2833.028917052673
-2833.361106799628
-2833.9870474357863
-2831.6916552196644
-2830.297508096258
-2831.4546622766966
-2829.8297132811153
-2829.7563466632682
-2832.222332084266
-2828.1195316562594
-2828.1195316562594
-2829.489173986507
-2829.6705532561573
-2830.979981101615
-2830.979981101615
-2832.9897278176245
-2830.307130982121
-2830.307130982121
-2830.8971237181845
-2831.443095962552
-2830.7165020099515
-2830.0888288098477
-2828.4775423063097
-2831.747573013367
-2828.412092332119
-2831.5716176935275
-2828.7528971473985
-2829.8251524663237
-2828.0293683381324
-2828.0293683381324
-2828.0293683381324
-2828.0293683381324
-2828.0293683381324
-2828.0293683381324
-2828.405790423518
-2828.405790423518
-2828.405790423518
-2830.560508297804
-2829.2019109672356
-2829.3818863214265
-2828.228935879216
-2828.228935879216
-2828.228935879216
-2829.228713218422
-2829.8803561444465
-2829.0441589341463
-2829.602036166966
-2827.750145420958
-2827.4185492929732
-2827.4185492929732
-2829.610137280819
-2829.610137280819
-2829.610137280819
-2827.9814995056427
-2827.9814995056427
-2828.184963834949
-2828.3781728719855
-2826.9702594140053
-2826.9702594140053
-2830.1079337824585
-2830.8069754506473
-2830.8069754506473
-2830.947515849555
-2833.52197755702
-2834.444907208258
-2830.2122546822748
-2829.251089389934
-2827.8567264541043
-2831.0508352949887
-2830.982338561754
-2831.1231752402355
-2828.229410692236
-2830.4191313559522
-2831.2006334266953
-2830.261249828328
-2830.261249828328
-2830.261249828328
-2830.261249828328
-2833.4480153296513
-2832.310257443023
-2829.0995836178276
-2828.674646331778
-2828.674646331778
-2828.4677094324134
-2828.4677094324134
-2826.715852232017
-2826.715852232017
-2826.715852232017
-2826.715852232017
-2826.715852232017
-2826.715852232017
-2826.715852232017
-2826.715852232017
-2830.05660796175
-2826.475968911065
-2828.4935820748287
-2833.7202690277386
-2830.0539945636515
-2830.336060383056
-2829.401252796955
-2829.383913650847
-2829.860157612963
-2832.0579345079514
-2829.5245639053514
-2829.5082908032527
-2829.031756168786
-2829.4940485915777
-2827.1299442077852
-2829.1011334317795
-2830.5776313185124
-2826.819723813906
-2826.819723813906
-2828.530518032881
-2830.653736835906
-2828.365063028252
-2828.1658061457833
-2828.1658061457833
-2829.930406591056
-2828.4088037658835
-2828.93186168976
-2830.2580911068226
-2831.3830294767986
-2828.7653709739693
-2829.6424022733627
-2826.3047691552692
-2826.3047691552692
-2829.3618243559436
-2830.5744425726307
-2825.3851694545915
-2825.3851694545915
-2825.3851694545915
-2825.3851694545915
-2825.3851694545915
-2825.3851694545915
-2828.7906628359783
-2829.398879130602
-2829.398879130602
-2829.765038474151
-2830.9120492043435
-2829.1005142982117
-2831.350072143086
-2830.826332093991
-2828.876233738146
-2828.876233738146
-2829.2219831283733
-2828.2976011934866
-2827.7707470776445
-2829.0902399022257
-2830.4103606084395
-2831.521492027003
-2829.3669476375553
-2831.341519344528
-2830.3101408143443
-2827.424887330974
-2826.4271109237598
-2831.056064412894
-2832.8568528862297
-2829.521707710296
-2828.0519528590953
-2828.07549552627
-2829.9043520280393
-2830.6766098606354
-2828.537027316339
-2828.537027316339
-2828.537027316339
-2827.867630532827
-2829.0362421239574
-2827.8155855828204
-2827.8155855828204
-2827.8155855828204
-2827.8155855828204
-2826.466766684241
-2827.9881509625884
-2829.9733718176253
-2830.6684285551382
-2828.9184177037573
-2830.72700250057
-2829.2989571684907
-2829.6480772605532
-2828.5329585054214
-2829.893993093618
-2830.1060301174825
-2827.448875984142
-2828.245756543138
-2829.3388678701876
-2829.589904663725
-2829.589904663725
-2828.865378257094
-2827.9050168766294
-2829.0789517963062
-2824.622439092561
-2824.622439092561
-2824.622439092561
-2824.622439092561
-2824.622439092561
-2824.622439092561
-2826.023138626299
-2826.023138626299
-2826.023138626299
-2826.023138626299
-2826.023138626299
-2828.503127811161
-2827.770299374842
-2830.2108517164606
-2829.2872561509316
-2827.9785018560638
-2827.088510483004
-2828.5355725472737
-2828.5355725472737
-2828.9257007765186
-2828.9257007765186
-2830.9726262866716
-2831.5282872316225
-2828.789363571562
-2831.064078895789
-2830.7930643840505
-2830.1790424943797
-2830.40218152402
-2828.852278951863
-2829.320496288103
-2829.3212959827933
-2828.8343400340614
-2829.3337389624517
-2835.04340324587
-2828.307564808129
-2828.307564808129
-2827.393887966642
-2827.393887966642
-2827.393887966642
-2827.393887966642
-2828.233735977132
-2827.8584271582217
-2827.8584271582217
-2830.1688224912177
-2830.4355568739416
-2830.968709111946
-2833.7064407191424
-2829.3196814331423
-2831.1238018010963
-2829.5834842681074
-2832.6436584826024
-2829.7491438634856
-2828.27145559534
-2828.27145559534
-2829.164147868922
-2827.6837378639702
-2828.36118230346
-2827.2036725977678
-2827.482930298973
-2827.6310730375935
-2827.6310730375935
-2828.742043281896
-2827.34872747757
-2829.7138584702266
-2828.8847801527904
-2828.467331224966
-2828.467331224966
-2828.2042127484797
-2830.7034322405316
-2831.0199564701525
-2829.115348634875
-2829.115348634875
-2828.4765729129726
-2830.775328869978
-2828.6588689774057
-2828.6588689774057
-2828.6588689774057
-2830.226471274439
-2830.0482396043485
-2827.8106118722435
-2829.8083994712592
-2826.961062299974
-2826.961062299974
-2826.3283833599767
-2826.3283833599767
-2828.2545339833277
-2828.2545339833277
-2828.6788405715733
-2828.5425449903896
-2829.3623650157447
-2829.3623650157447
-2828.2465882339875
-2828.2465882339875
-2828.2465882339875
-2829.418310756586
-2828.720439424496
-2828.720439424496
-2831.3844202601795
-2832.9172876698262
-2832.6023886844905
-2832.5391793189838
-2831.9546235384937
-2836.142035468985
-2831.3252732070296
-2830.445564134793
-2831.5458608844365
-2830.073525318825
-2829.508383799205
-2829.508383799205
-2831.220659230335
-2830.104523048565
-2828.4632299188247
-2828.715766396443
-2828.3909210827082
-2828.3717154500778
-2828.3717154500778
-2831.3456073670663
-2832.5931151958907
-2830.9938626908015
-2831.470894642338
-2831.470894642338
-2831.470894642338
-2830.1237047140344
-2830.1237047140344
-2831.386324530289
-2828.576952312799
-2828.60227572265
-2829.7327607098055
-2827.189454154584
-2827.189454154584
-2828.328328943093
-2829.4884877608233
-2828.0291031965294
-2830.364006108396
-2830.964549224234
-2828.8796686630135
-2828.8796686630135
-2830.730981538188
-2830.6332614965054
-2832.309948475656
-2831.735785102875
-2833.3692394721324
-2828.979995178382
-2828.838206403619
-2829.441034909475
-2827.974423865499
-2827.974423865499
-2827.517549458937
-2827.517549458937
-2828.0766052292406
-2828.2343423078155
-2828.2343423078155
-2827.9195745241464
-2829.1218634320367
-2831.1018936749247
-2829.26498317411
-2827.964017412239
-2828.732741398992
-2828.732741398992
-2828.732741398992
-2828.732741398992
-2828.732741398992
-2831.361604968291
-2832.1666657309206
-2832.1666657309206
-2832.1666657309206
-2830.982675189769
-2831.6223764886427
-2831.6223764886427
-2831.867686641556
-2833.467293903295
-2831.008769575196
-2833.461905550329
-2831.9356176517294
-2829.2745542376188
-2830.3834064290363
-2830.3834064290363
-2830.6223698322856
-2830.6223698322856
-2830.685700452067
-2831.916841531232
-2831.1731279923765
-2832.226308585996
-2831.3033603897957
-2832.04120201789
-2834.546845445842
-2832.4494923501725
-2831.318645594808
-2830.4285243161185
-2830.0878873881647
-2830.3200471188616
-2830.1098750037263
-2830.9628192594805
-2830.1079023981038
-2832.9902007879105
-2830.3466039867303
-2831.1392153319475
-2831.1392153319475
-2831.1392153319475
-2831.1392153319475
-2831.1392153319475
-2831.1392153319475
-2832.467745795514
-2830.642396493727
-2830.642396493727
-2830.707288263374
-2830.1045336619495
-2828.6870521895476
-2828.2640247804907
-2829.2676544947158
-2829.2676544947158
-2829.2676544947158
