-2837.6318782305257
-2836.8117148944043
-2833.8015839857558
-2830.675244848153
-2831.44891432689
-2831.44891432689
-2833.9428789691374
-2831.8061017250698
-2831.8061017250698
-2831.8061017250698
-2834.1240699297527
-2834.1703126647367
-2833.3033708944677
-2832.0132950893635
-2831.0833375602124
-2829.2300696900293
-2830.5976700372794
-2830.5976700372794
-2829.6437761762522
-2828.434747511604
-2828.911066650858
-2827.8580335653974
-2827.8580335653974
-2827.8580335653974
-2828.160006085393
-2828.4717601697566
-2827.8462158510742
-2828.1709854321703
-2828.1709854321703
-2828.8803044383685
-2827.61541200269
-2827.943895298254
-2829.508434953056
-2829.2053363429027
-2829.2053363429027
-2830.2921058336515
-2829.0125695062734
-2829.3065596590136
-2831.9173965221225
-2830.5050060620033
-2829.5847555377495
-2829.5847555377495
-2831.0304768163187
-2828.9752468280517
-2828.9752468280517
-2828.906626207727
-2829.994987373869
-2828.1094680754736
-2828.3390913117373
-2829.9186584568447
-2829.196647005902
-2829.952593817909
-2831.0303631102006
-2828.9148960730895
-2828.9148960730895
-2828.9148960730895
-2830.132624729054
-2829.9454188861364
-2833.4312124174426
-2830.313793407464
-2828.3979470841796
-2828.3979470841796
-2828.3979470841796
-2829.0970578256315
-2829.2501871147397
-2829.1125897529914
-2829.37381338438
-2827.888889217042
-2828.6354021562374
-2828.578526879219
-2828.578526879219
-2828.578526879219
-2829.678332995686
-2830.10216199867
-2829.30513193097
-2830.216190762982
-2826.874332804585
-2827.2356500624614
-2828.174599609468
-2830.78856522308
-2831.8042126646465
-2832.1643275358965
-2831.959084410126
-2833.412006771519
-2830.365395831473
-2830.7863326746296
-2827.695418490185
-2827.695418490185
-2830.619651545395
-2827.8911638717595
-2827.8911638717595
-2827.284426994425
-2827.6766584200996
-2827.543282227608
-2829.132273610941
-2829.132273610941
-2832.115510159354
-2829.2006590421356
-2829.2006590421356
-2829.2006590421356
-2828.87030247232
-2829.9966976602877
-2829.326005288262
-2831.197739385753
-2831.197739385753
-2831.197739385753
-2830.5287798979193
-2830.5287798979193
-2830.5287798979193
-2830.5287798979193
-2830.5287798979193
-2830.5287798979193
-2834.1916933867183
-2829.5220447740076
-2830.921778833932
-2830.0157203389003
-2829.684367808104
-2828.5094121972834
-2829.882941115546
-2828.3724680960686
-2827.6724534983796
-2827.659601213591
-2829.568120066965
-2830.1274027794843
-2829.3682052769427
-2829.3682052769427
-2830.1927766837425
-2830.5743106881
-2828.4767083801694
-2828.8048572084836
-2829.6361619247164
-2829.0689225304177
-2827.0192631037776
-2829.684467197191
-2829.305369708374
-2827.425767848822
-2828.2273277189806
-2828.2273277189806
-2827.8064446317203
-2826.155864939977
-2829.6524498541535
-2828.83602883852
-2828.83602883852
-2828.5057972536088
-2828.0054876216286
-2828.0054876216286
-2828.0054876216286
-2828.0054876216286
-2828.3009018155713
-2827.256800118829
-2827.0896517817087
-2827.0896517817087
-2828.3802948858392
-2830.755850560921
-2830.802620073979
-2830.095982859741
-2828.126695041489
-2829.44945288134
-2827.395980713606
-2827.395980713606
-2829.1048494877914
-2829.6394390862797
-2829.6394390862797
-2828.7702034067456
-2828.7702034067456
-2829.862079487286
-2827.5678011106656
-2826.580580649184
-2829.6028126351325
-2829.589304398027
-2828.999494241572
-2831.045045278457
-2833.2751970835784
-2829.642679343553
-2829.642679343553
-2828.7037686903004
-2828.27586517372
-2828.27586517372
-2828.800827499794
-2828.800827499794
-2828.800827499794
-2830.652220138587
-2826.9783301099123
-2826.9783301099123
-2826.9783301099123
-2826.9783301099123
-2826.9783301099123
-2826.9783301099123
-2826.9783301099123
-2826.9783301099123
-2826.9783301099123
-2826.9783301099123
-2829.562876732336
-2829.562876732336
-2829.483159796422
-2827.283082224598
-2832.3730405480387
-2826.27546556763
-2827.3289816675783
-2827.4017311584385
-2827.4017311584385
-2829.766646975472
-2830.5171594770973
-2830.5171594770973
-2829.5530668570045
-2829.5530668570045
-2831.0107731920925
-2831.234065181691
-2830.96270280155
-2830.4265599708765
-2829.9641802620195
-2828.606709435886
-2828.606709435886
-2828.606709435886
-2828.606709435886
-2828.606709435886
-2830.5838298009703
-2831.8299647900317
-2828.9326148787595
-2829.0136367461637
-2832.885157303065
-2829.7533957675455
-2831.174734649211
-2833.840240902078
-2828.6693530796306
-2828.628171202472
-2828.866384551585
-2830.515839112348
-2830.076485800616
-2829.064824486551
-2828.590838561313
-2826.824968136358
-2826.824968136358
-2829.1596570655647
-2827.7762120137972
-2828.6557914782506
-2829.7937746177045
-2828.8017498766308
-2828.8017498766308
-2827.8247947301393
-2827.8247947301393
-2829.039015378886
-2828.879916108176
-2828.879916108176
-2828.879916108176
-2830.1232815970397
-2832.9928506884703
-2828.745049910996
-2831.3747507937883
-2831.3747507937883
-2829.5860779839236
-2828.715316419078
-2828.715316419078
-2829.5598409623085
-2831.2764143336567
-2828.475866164464
-2829.367503286469
-2829.367503286469
-2829.367503286469
-2831.3092381317383
-2829.642969937373
-2829.642969937373
-2829.239360070882
-2829.239360070882
-2828.2042627338456
-2828.970956691015
-2829.841059415011
-2828.4969145497444
-2829.4741022316666
-2830.714243115027
-2829.3711263744735
-2828.7629324448203
-2828.7629324448203
-2828.7629324448203
-2828.7629324448203
-2828.7629324448203
-2828.7629324448203
-2828.7629324448203
-2828.7629324448203
-2829.2480236169627
-2827.4206640711027
-2827.4206640711027
-2826.8746720410045
-2827.85387369735
-2831.059027379625
-2828.7226390236206
-2829.703247074834
-2829.2111814697496
-2826.6162592138976
-2826.6162592138976
-2826.6162592138976
-2826.6162592138976
-2830.070124427806
-2830.070124427806
-2830.070124427806
-2828.8169414874337
-2828.697268061796
-2829.410851743288
-2830.6079933230867
-2829.0303835057125
-2829.0502758035045
-2829.7582176990622
-2829.7582176990622
-2829.1344132319114
-2828.5858699895857
-2828.5858699895857
-2829.2913825925043
-2828.9125148701364
-2830.1516833328083
-2828.807571317869
-2829.3715607053346
-2829.272529352373
-2830.3175195561635
-2830.3175195561635
-2830.1312479441617
-2831.034910139151
-2831.034910139151
-2830.311717109371
-2830.311717109371
-2830.311717109371
-2830.311717109371
-2830.500989500587
-2828.1366784455267
-2829.3871288264518
-2829.3871288264518
-2829.3276234074665
-2829.125049516733
-2829.125049516733
-2831.4979883802753
-2831.0190063628443
-2828.63700499253
-2831.5617736708305
-2829.834405352212
-2829.1393308988763
-2831.5470570045118
-2830.2372032677126
-2830.2372032677126
-2832.0326142716303
-2829.2147124369394
-2829.555477666263
-2829.870760331357
-2828.198583122138
-2828.198583122138
-2828.3414798090594
-2827.269990993071
-2828.6837948146117
-2829.1791356162753
-2828.1039939256634
-2829.3370351322915
-2829.3166788997037
-2829.3166788997037
-2829.3706192934937
-2829.3706192934937
-2830.3041783031767
-2831.690790461185
-2831.2991319182756
-2831.3557945935995
-2828.9179226135984
-2828.9179226135984
-2828.9179226135984
-2828.9179226135984
-2828.8692434496115
-2829.2071657021656
-2830.0532721216355
-2828.3036925295933
-2828.3036925295933
-2828.836557185451
-2831.6515512025826
-2829.134544384086
-2829.5135843890807
-2827.7886650979062
-2828.801610767455
-2828.863925958735
-2828.0881480281682
-2830.4272036280568
-2830.656070794473
-2831.2235119077823
-2831.2235119077823
-2831.2235119077823
-2830.004235592283
-2828.7773688195753
-2828.269035298125
-2830.3640482502547
-2829.002849689401
-2828.7741149363133
-2828.7741149363133
-2830.2910899889066
-2828.8328345660784
-2833.097290465741
-2829.76257359458
-2828.945148961175
-2828.945148961175
-2828.945148961175
-2829.5669231261168
-2831.074474894423
-2826.9340900681946
-2826.9340900681946
-2827.4531617443854
-2829.6398883100655
-2832.458216840833
-2830.6858693684085
-2831.243445250637
-2830.173207328728
-2829.9702742988284
-2831.017976073432
-2830.9709499732962
-2830.5428823413226
-2827.724031459041
-2827.724031459041
-2828.492865218264
-2828.492865218264
-2831.6800871166924
-2830.541110635193
-2830.9238624994496
-2828.156532588107
-2828.156532588107
-2828.243098972255
-2829.3286920305386
-2825.6189460610412
-2825.6189460610412
-2825.6189460610412
-2825.6189460610412
-2825.6189460610412
-2825.6189460610412
-2825.6189460610412
-2825.6189460610412
-2825.6189460610412
-2825.6189460610412
-2825.6189460610412
-2825.6189460610412
-2825.6189460610412
-2825.6189460610412
-2825.6189460610412
-2825.6189460610412
-2825.6189460610412
-2825.6189460610412
-2825.6189460610412
-2825.6189460610412
-2825.6189460610412
-2825.6189460610412
-2825.6189460610412
-2825.6189460610412
-2827.725646187153
-2828.6271442356638
-2828.8107704999134
-2829.2973126261777
-2828.1907812138957
-2827.4404984023226
-2827.4404984023226
-2829.77746958691
-2829.6697279870314
-2828.280667325512
-2830.619483670943
-2825.1769259206385
-2827.365813923892
-2830.7982938418113
-2828.5528133977705
-2827.915604740306
-2827.915604740306
-2830.377667376187
-2828.9661475121916
-2828.9661475121916
-2828.9661475121916
-2829.474950845828
-2830.7819475451693
-2831.710940803267
-2831.3359780708624
-2829.8070019651886
-2829.171833726997
-2831.4426495179814
-2831.678208646856
-2830.0139935780694
-2831.819877140114
-2830.238669434439
-2828.396148794783
-2828.952844359599
-2829.259822969009
-2827.7452606127367
-2827.7791480115798
-2828.5409960927427
-2830.8383476956888
-2826.7970799160757
-2829.2212891499935
-2829.2212891499935
-2829.2212891499935
-2830.5892359024756
-2829.227292571261
-2829.0187879408845
-2829.6482659849617
-2832.1780059386692
-2831.19656267661
-2830.393191911781
-2830.265134248935
-2832.1861771692015
-2828.546448119598
-2828.546448119598
-2831.002958903944
-2828.694594946143
-2829.820764494717
-2827.9138308019124
-2827.9138308019124
