-2835.1189477219054
-2835.1189477219054
-2830.0608673797465
-2830.6091886003464
-2827.3516226729016
-2827.231887032237
-2827.231887032237
-2827.509635477186
-2826.8293986015533
-2826.8293986015533
-2826.8293986015533
-2828.650504050586
-2829.0835487668946
-2829.711461921263
-2828.649868577017
-2828.649868577017
-2828.649868577017
-2829.912945421378
-2830.2585788140705
-2830.2067623009993
-2829.3257438554356
-2827.151383251376
-2827.0575752869445
-2828.1976911696793
-2830.655222361652
-2827.726990903437
-2828.5070992235364
-2828.3518769620155
-2830.369711586458
-2829.1741817700085
-2829.838056937362
-2827.066920090477
-2829.880424588745
-2828.828512897411
-2830.2747990776643
-2830.8494480120503
-2829.4428445861163
-2830.0940178133746
-2830.7404206514548
-2829.037654125721
-2830.654370273985
-2829.1800869017347
-2828.4984439120617
-2827.949533905624
-2828.7787520447814
-2828.766392959435
-2828.766392959435
-2828.489537963882
-2828.681806378862
-2827.6238105813522
-2829.4999579493965
-2827.727626787466
-2827.2192556038685
-2828.5542988413767
-2828.2233882134587
-2827.39352649558
-2828.5494997927067
-2829.6550746050843
-2827.3421281139526
-2828.2985631451306
-2829.200898519677
-2831.602572928321
-2831.094429643301
-2829.242012332527
-2828.755417361173
-2826.4565038765045
-2826.4565038765045
-2829.7937161783757
-2830.569910774338
-2830.246897256079
-2830.6827933736313
-2826.7692725560382
-2828.486481283832
-2829.3901029923923
-2828.0883442073177
-2829.8298388979574
-2827.0687269041855
-2827.0687269041855
-2827.0687269041855
-2827.0687269041855
-2827.0687269041855
-2829.5933481093352
-2828.09334127205
-2827.447559043671
-2827.2171987143674
-2827.2171987143674
-2827.2171987143674
-2827.2171987143674
-2827.2171987143674
-2827.2171987143674
-2832.078211578035
-2828.599268401332
-2829.638407376665
-2831.133755808034
-2829.8217413790544
-2831.846867926863
-2830.815720138724
-2831.013369720304
-2829.8682657817676
-2829.8682657817676
-2828.573511605487
-2829.4315403377977
-2826.730863469979
-2826.730863469979
-2827.896684779666
-2828.7116554973927
-2827.258482074779
-2827.258482074779
-2827.258482074779
-2827.258482074779
-2827.258482074779
-2827.258482074779
-2827.258482074779
-2827.258482074779
-2827.258482074779
-2829.723285659399
-2829.659514099242
-2829.626360562647
-2829.626360562647
-2828.827237146675
-2828.240352266501
-2828.030308526903
-2828.030308526903
-2828.030308526903
-2828.030308526903
-2829.4018694676447
-2830.7051811601805
-2830.130220283686
-2831.6795283229726
-2830.7250819615642
-2828.502124329911
-2829.774135190902
-2829.865105535424
-2830.1331004786343
-2830.1331004786343
-2827.7611049204784
-2828.1701393839344
-2828.1701393839344
-2828.2223287429433
-2828.989772447967
-2827.51186701124
-2829.7696581386754
-2830.268409706932
-2828.729958687406
-2829.971615756182
-2829.572503347696
-2828.0843889700423
-2828.570256874075
-2829.778135742751
-2832.0288852902663
-2830.93487649803
-2828.4298665053243
-2828.931136543285
-2828.931136543285
-2828.3021105505013
-2828.3021105505013
-2832.331951736662
-2833.835271347917
-2832.459195305722
-2831.2664156026835
-2830.2241536222023
-2827.4476434111775
-2827.4476434111775
-2827.3954848565486
-2828.2200630206357
-2828.0066109292925
-2828.0066109292925
-2829.0872533096867
-2828.167333721194
-2828.167333721194
-2828.167333721194
-2828.167333721194
-2828.167333721194
-2828.8725011368874
-2827.283696094601
-2827.9566085259376
-2829.7283161946752
-2827.998201591765
-2829.813409513951
-2827.083762337302
-2828.760589924582
-2830.792323057134
-2830.538191694437
-2831.3789790539727
-2830.6997747817923
-2828.8613622960343
-2829.0297876098307
-2829.1712198579694
-2828.4315737821635
-2828.3650140921873
-2828.3650140921873
-2831.1964172790827
-2831.372169298135
-2829.792887262368
-2829.792887262368
-2829.792887262368
-2829.177188501796
-2829.177188501796
-2829.177188501796
-2829.651285922592
-2828.7567684068913
-2828.7567684068913
-2830.1510215453163
-2829.195204770229
-2829.195204770229
-2828.4107191028247
-2828.4107191028247
-2828.4107191028247
-2829.4778429738158
-2833.088276545417
-2830.4971755729493
-2830.3623466823537
-2830.3623466823537
-2829.6176249507557
-2829.7795018423267
-2829.110186580343
-2827.477036086624
-2829.59646089029
-2830.609369264513
-2835.053382992648
-2831.08337551467
-2831.888164014432
-2827.9159163717327
-2827.9159163717327
-2827.9159163717327
-2825.6670301790564
-2825.6670301790564
-2825.6670301790564
-2825.6670301790564
-2829.728541881447
-2826.874610815199
-2826.874610815199
-2826.874610815199
-2826.874610815199
-2829.6370768517545
-2830.7116841534266
-2830.0796777357036
-2827.200453037806
-2828.564966339788
-2831.3667103242724
-2831.9826808276935
-2828.0159667694497
-2827.2210399362275
-2828.060836370429
-2829.675649675988
-2829.3241073072522
-2829.3241073072522
-2828.146418179595
-2828.146418179595
-2827.552310805449
-2827.552310805449
-2827.552310805449
-2826.6113509468705
-2826.6113509468705
-2826.6113509468705
-2826.9566389291663
-2826.9566389291663
-2826.9566389291663
-2826.9566389291663
-2826.9566389291663
-2826.9566389291663
-2826.9566389291663
-2826.9566389291663
-2828.140183268174
-2828.140183268174
-2830.053156720718
-2826.3934259122298
-2826.3934259122298
-2826.3934259122298
-2827.5520682665588
-2828.2064922761297
-2827.5021326707392
-2826.0490184632326
-2826.0490184632326
-2828.849146059807
-2829.813733521883
-2831.2820046767633
-2829.760567057381
-2829.555884902015
-2829.3263417011995
-2831.1639696128386
-2829.770503422131
-2829.867017065628
-2829.861708676793
-2827.772727757747
-2827.706661661936
-2827.706661661936
-2829.2338832608825
-2831.5519420305704
-2829.929078838296
-2829.7258991101617
-2831.1503196913827
-2831.0581029996165
-2830.8589118746568
-2830.393118729543
-2830.393118729543
-2831.21746794634
-2828.3024148461
-2829.154413773052
-2831.0095417201173
-2828.224990583617
-2829.4312449102817
-2829.4312449102817
-2829.734777815008
-2830.269008752137
-2827.958313267586
-2826.4795903612594
-2830.521716139193
-2829.520992161717
-2831.3392505978463
-2828.936522864963
-2828.360702067859
-2828.360702067859
-2828.155310610295
-2827.5112329031253
-2827.5112329031253
-2827.5112329031253
-2827.660054313032
-2827.660054313032
-2827.660054313032
-2828.626362067643
-2830.063528276016
-2827.5047821074854
-2827.5047821074854
-2830.3396817404423
-2829.3998147020407
-2831.709202532363
-2831.709202532363
-2833.7013282403686
-2831.2676907006453
-2828.9458243812446
-2828.9458243812446
-2830.1431938451424
-2830.1208491906855
-2830.5007431579807
-2826.7227931389466
-2826.7227931389466
-2826.088500190634
-2826.088500190634
-2826.088500190634
-2828.9251255873237
-2828.7138901820613
-2828.7138901820613
-2828.1075191457107
-2826.575924964015
-2828.7403666671644
-2828.7403666671644
-2828.502006806145
-2829.55343085722
-2830.7324116897566
-2828.3744753505644
-2827.877958059963
-2827.877958059963
-2829.023058467232
-2832.2489859949783
-2832.951260953698
-2830.823272510346
-2830.4604472897568
-2830.307721465307
-2830.7896437170525
-2829.457186856584
-2829.202872176371
-2832.191819009061
-2829.8146233181933
-2828.753250648861
-2828.661606448954
-2830.3004008002017
-2827.888809575442
-2827.888809575442
-2830.1414875474316
-2828.993233584843
-2828.993233584843
-2829.278880538098
-2829.356959860043
-2829.594129818565
-2828.993792832958
-2829.618466927969
-2827.9608300246427
-2827.9608300246427
-2831.551458987899
-2830.921570615448
-2830.4609542071
-2829.0026466112117
-2829.594377074939
-2831.1415577561556
-2827.910018940952
-2828.1691678716097
-2828.912017948116
-2829.3118913430553
-2829.2330843200207
-2830.2159566870596
-2830.0202944637076
-2827.912374052507
-2827.912374052507
-2829.473424146742
-2830.3103370556423
-2830.2009966813384
-2828.0492287253187
-2830.082573178389
-2827.792154260534
-2830.0642785942455
-2830.890172732559
-2831.361468492524
-2829.8606090416893
-2827.9445772665363
-2827.1404488291914
-2827.1404488291914
-2828.738028503153
-2827.774149414008
-2827.373553093755
-2829.2562052016838
-2829.6449053522606
-2830.0040863456147
-2830.6943759024944
-2829.673019701218
-2829.673019701218
-2829.7579277707473
-2830.2294428726054
-2831.2799394841054
-2830.5158244384047
-2826.8295680609867
-2830.2093375214486
-2826.306724483308
-2828.624753205091
-2826.6180699948013
-2826.6180699948013
-2830.394819110775
-2828.5780864912876
-2829.186641370052
-2827.1881796833113
-2826.9328281846724
-2827.9547120720354
-2827.7469183229528
-2831.2460536860563
-2831.235396558154
-2832.517283132357
-2832.0378159951615
-2830.3494914157627
-2830.48934006121
-2830.2502099683525
-2833.336442937273
-2831.63614042138
-2829.8001680462826
-2831.0627732430976
-2829.0724297340703
-2828.3481152933473
-2830.472327489435
-2829.2064703353326
-2829.7723392732487
-2828.3355381361316
-2828.6646553324063
-2828.2352757256267
-2827.5951598201063
-2828.877927656487
-2828.769007448667
-2827.7522486338075
-2832.554050422105
-2828.7105841702137
-2828.8612966052406
-2828.0516365567596
-2829.474256017769
-2830.8853087143916
-2829.668642700673
-2829.1488619792544
-2829.1488619792544
-2828.289885914849
-2828.694751569532
-2828.694751569532
-2829.4762659074972
-2829.624608297062
-2829.624608297062
-2830.06935928073
-2828.0031215442937
-2829.2511043534423
-2828.1839583131723
-2830.668417960167
-2825.5796050339236
-2825.5796050339236
-2825.5796050339236
-2827.669032505515
-2826.466390964292
-2826.0097903928763
-2829.166214984711
-2826.670514907285
-2827.6014127301937
-2827.5934230802113
-2828.6920343839706
-2829.0031969584793
-2828.0765441940075
-2829.803103131262
-2829.0880861591904
-2828.174230005205
-2827.463749593404
-2826.761931951149
-2826.785126836917
-2830.200038225032
-2829.646911489608
-2828.7972831276043
-2830.9718184361905
-2829.4071176043835
-2829.769710921495
