-2843.098874449152
-2837.637361593543
-2833.3433873131125
-2832.976615208228
-2830.56366101891
-2830.56366101891
-2830.56366101891
-2832.291375931399
-2831.232463381307
-2830.2630187317163
-2832.90628800563
-2834.1412383278407
-2834.1497203764266
-2832.8865692428194
-2832.8865692428194
-2832.8865692428194
-2831.558664707533
-2831.558664707533
-2831.558664707533
-2831.558664707533
-2831.558664707533
-2831.558664707533
-2831.558664707533
-2834.060952249489
-2832.551632700077
-2832.551632700077
-2835.422702814595
-2833.8254330709137
-2833.707585403913
-2833.707585403913
-2833.885361998491
-2833.244854059791
-2835.482091601095
-2831.8186072623507
-2833.1901607956775
-2833.1901607956775
-2833.1901607956775
-2833.1901607956775
-2832.45539279637
-2832.45539279637
-2832.45539279637
-2832.45539279637
-2833.196793080248
-2833.196793080248
-2833.196793080248
-2833.196793080248
-2835.0082072858104
-2832.9186601985593
-2831.870588505642
-2829.750267946896
-2829.750267946896
-2829.750267946896
-2830.4967796352557
-2830.4967796352557
-2830.4967796352557
-2831.277025995389
-2833.0985724090788
-2831.2943276501273
-2830.760686543958
-2832.5144334116703
-2829.0157190724167
-2828.6496446464616
-2827.369557301486
-2829.194331701112
-2829.8809287539634
-2828.274781404804
-2828.4290308418526
-2828.4008419481984
-2826.584825457479
-2826.584825457479
-2829.1418544508274
-2830.8006265183617
-2828.5837075333893
-2830.191861627976
-2830.825432051663
-2828.167476765558
-2828.791484825588
-2828.791484825588
-2830.2653990280355
-2830.1297480695725
-2828.714285023147
-2828.2781299881835
-2829.799397183209
-2827.0734543117082
-2827.0734543117082
-2827.0734543117082
-2828.7727977406385
-2828.7727977406385
-2828.961162478264
-2829.1829655862657
-2829.1829655862657
-2829.1829655862657
-2829.1829655862657
-2829.8207041923038
-2829.8207041923038
-2829.8207041923038
-2831.0664592818594
-2830.1550663461962
-2828.290921421138
-2828.290921421138
-2828.290921421138
-2828.290921421138
-2828.290921421138
-2829.0203171111775
-2828.64147332101
-2826.7195367952354
-2826.7195367952354
-2826.7195367952354
-2826.7195367952354
-2826.7195367952354
-2826.7195367952354
-2826.7195367952354
-2831.362536737035
-2833.57829474087
-2833.400676418657
-2828.1449964864173
-2826.8048022924927
-2826.8048022924927
-2826.8048022924927
-2826.8048022924927
-2826.8048022924927
-2827.2612250492175
-2828.5879968325476
-2831.5142617105926
-2828.8776051523155
-2828.9141285860865
-2827.9801726301084
-2826.781627479464
-2828.003480819618
-2828.3985172581506
-2830.4880698374636
-2830.6866456340513
-2829.3514440603185
-2827.3502879021585
-2828.921366857084
-2829.331226823713
-2829.331226823713
-2830.033677585257
-2830.2931819559
-2827.427569109104
-2830.553312911312
-2829.5381298215857
-2830.420145829476
-2829.5997722053658
-2828.688921875652
-2829.3951981170294
-2828.695959020155
-2828.4430631266805
-2828.2112365646194
-2828.5818124910543
-2829.2302263655924
-2828.29845803577
-2827.3795779182824
-2830.085380765162
-2828.936084744763
-2828.531606602942
-2828.6698866879997
-2828.8160955961016
-2827.8952386132037
-2830.103814303039
-2830.5487600911983
-2831.718407677409
-2831.9042488948267
-2828.2791925994748
-2827.849322233129
-2828.5931814845817
-2828.5931814845817
-2828.934957965439
-2828.776749161344
-2829.9965345790806
-2832.2588072851477
-2829.974980236371
-2828.5071533885703
-2829.671760355084
-2831.3376271294887
-2831.862134065082
-2831.604603901165
-2831.4187541823253
-2832.8507534407054
-2831.30431854323
-2831.8204867537456
-2831.879315849455
-2833.0535094057927
-2832.671411993493
-2829.4509095992607
-2829.4509095992607
-2830.5920530610965
-2829.1660955299917
-2831.833270716362
-2831.833270716362
-2831.833270716362
-2830.578261992641
-2830.578261992641
-2831.677674052208
-2830.950799655181
-2830.510432440862
-2830.36033212724
-2831.6017395612826
-2832.620307769662
-2830.6177354954525
-2831.1207768303425
-2829.720319949091
-2827.591824646447
-2827.527411191729
-2827.527411191729
-2827.527411191729
-2827.527411191729
-2827.527411191729
-2827.527411191729
-2827.527411191729
-2827.527411191729
-2832.4435934527824
-2831.4988468527335
-2830.932467289403
-2832.3291091066526
-2828.503449271029
-2828.1667297505733
-2828.1667297505733
-2828.643388045178
-2830.380934307354
-2829.4487837521565
-2830.240387768252
-2829.707681406694
-2827.109447337731
-2828.0453997363825
-2828.7439221538884
-2828.709897659827
-2827.5114226737314
-2827.2730087897157
-2827.1673184956717
-2828.0592307231973
-2830.748129425366
-2831.9577761200244
-2828.4263778839036
-2828.4263778839036
-2828.4263778839036
-2828.2127472502384
-2830.57831259588
-2830.4789800299372
-2831.586434621942
-2829.87293171124
-2828.1455919841983
-2828.1087376621635
-2830.6722152523266
-2830.6286868172288
-2830.0835087205883
-2830.5926264299173
-2828.9297829354377
-2828.1103735099177
-2829.9497651325414
-2830.261264469617
-2831.497428040574
-2827.994046592614
-2827.994046592614
-2827.408829514079
-2827.931514020111
-2829.45853853283
-2829.1433481709146
-2830.248328955905
-2829.2824524156786
-2829.20639641374
-2828.183899120023
-2829.723907033513
-2831.2525482055944
-2829.0863163818995
-2829.778541558784
-2829.791929076215
-2830.9804967693094
-2829.8940152884684
-2829.8940152884684
-2827.7774104829905
-2826.513010571602
-2826.513010571602
-2826.513010571602
-2826.513010571602
-2826.513010571602
-2826.513010571602
-2826.513010571602
-2826.513010571602
-2826.513010571602
-2826.513010571602
-2828.804381298573
-2828.228074349633
-2828.228074349633
-2829.514716864835
-2828.4857490605496
-2828.2262097438743
-2831.0351158029325
-2830.804491453415
-2831.1325101534935
-2830.0967831499033
-2829.1111880212097
-2828.7304594917514
-2826.3530037213577
-2826.3530037213577
-2829.229430328998
-2826.94022778053
-2829.3915219211167
-2829.3915219211167
-2829.3915219211167
-2828.8668359675016
-2828.8668359675016
-2829.859545889933
-2829.4407324033023
-2828.8086585611204
-2828.8086585611204
-2826.7381230109218
-2826.7381230109218
-2826.7381230109218
-2826.600702553322
-2826.600702553322
-2826.600702553322
-2826.600702553322
-2826.600702553322
-2829.0607097577995
-2828.218764113364
-2828.302983443171
-2827.4018206015403
-2827.4018206015403
-2829.589487789144
-2828.5408855581254
-2831.2893546377513
-2831.2893546377513
-2829.607606014409
-2831.6771539608053
-2830.5189738298814
-2829.4681673537784
-2826.336053255241
-2826.336053255241
-2826.336053255241
-2826.336053255241
-2826.336053255241
-2826.336053255241
-2826.336053255241
-2826.336053255241
-2826.336053255241
-2826.336053255241
-2826.336053255241
-2826.336053255241
-2826.336053255241
-2826.336053255241
-2826.336053255241
-2826.336053255241
-2826.336053255241
-2826.336053255241
-2826.336053255241
-2828.9523768473405
-2828.9523768473405
-2828.9523768473405
-2829.4760329688306
-2829.5909306489425
-2831.077461060148
-2831.077461060148
-2831.077461060148
-2831.077461060148
-2831.855625105144
-2831.855625105144
-2831.6445203758926
-2828.9718222949314
-2830.767706021596
-2831.717514066599
-2830.9760241321155
-2829.9900607871677
-2829.7512802812385
-2829.7512802812385
-2831.0038715512505
-2831.0038715512505
-2830.7225422822044
-2830.610730118223
-2830.1759892556825
-2828.8230808645912
-2828.8230808645912
-2828.8230808645912
-2829.6164586856553
-2829.6164586856553
-2829.6164586856553
-2832.2949358352303
-2832.2845999256333
-2832.2845999256333
-2832.2845999256333
-2830.892071116182
-2830.617078381897
-2829.046820706829
-2829.905766038206
-2828.5537010626335
-2828.5537010626335
-2828.5537010626335
-2827.883865510974
-2827.180860491406
-2828.93541286093
-2829.664296670137
-2826.9650884072253
-2829.2340622979928
-2828.770836742183
-2826.9688135756455
-2826.9814715579746
-2829.5417508425694
-2828.7249467706497
-2828.7249467706497
-2828.7249467706497
-2830.8431138579067
-2829.353786031472
-2830.1933555405662
-2830.1933555405662
-2830.690362356853
-2831.786150774063
-2832.6691849158274
-2829.6165859005514
-2829.6165859005514
-2829.352097354955
-2829.352097354955
-2827.899666453268
-2827.899666453268
-2827.899666453268
-2827.899666453268
-2827.899666453268
-2828.1923393304696
-2828.1923393304696
-2828.1923393304696
-2828.1923393304696
-2828.1923393304696
-2828.1923393304696
-2827.8532066787084
-2827.8532066787084
-2827.8532066787084
-2828.43289130398
-2828.776566196676
-2828.776566196676
-2828.776566196676
-2827.475363627949
-2827.475363627949
-2829.9018148245564
-2828.1836291443205
-2828.1836291443205
-2828.1836291443205
-2827.5900709180764
-2827.4930435117735
-2827.0435536956093
-2827.023916264004
-2827.023916264004
-2829.9277839606057
-2831.764711405042
-2830.453866793754
-2828.4576835684343
-2829.895553977928
-2827.021575640191
-2829.5255693946674
-2828.7379711033054
-2828.7379711033054
-2828.7379711033054
-2828.7305846491445
-2828.7305846491445
-2827.4776238500003
-2827.4776238500003
-2827.4776238500003
-2827.4776238500003
-2829.1227148142125
-2827.500552511046
-2829.1677789785285
-2832.073320222339
-2830.0715940860237
-2830.410536000181
-2832.444844368756
-2831.54512288539
-2830.319579993131
-2830.8146647532567
-2829.678038529892
-2829.678038529892
-2831.0364631908137
-2832.068713573887
-2832.068713573887
-2832.068713573887
-2829.2084508950875
-2829.3796456542646
-2827.3261660753355
-2829.613303697834
-2829.543810569698
-2829.5342686302956
-2826.393880933681
-2826.393880933681
-2826.393880933681
-2826.393880933681
-2826.393880933681
-2826.393880933681
-2833.7796262310453
-2829.967145107812
-2827.526133396037
-2828.632681383657
-2833.856474934802
-2828.5434491815695
-2830.5119417739106
-2829.4754202061854
-2830.8077623409636
-2829.346390481426
-2828.4511709644203
-2828.4511709644203
-2828.5596422834915
-2833.514817533518
-2830.6957913393717
-2834.243992498372
-2832.7562120262482
