-2542.572255101131
-2542.572255101131
-2518.6298271267183
-2518.6298271267183
-2518.2832862894575
-2519.0228567283975
-2519.0228567283975
-2517.966915894119
-2517.966915894119
-2517.966915894119
-2514.2437470966497
-2514.2437470966497
-2514.2437470966497
-2514.53524002737
-2514.53524002737
-2514.166493655448
-2515.9041676163943
-2512.9291402949575
-2512.9291402949575
-2512.9291402949575
-2512.9291402949575
-2512.9291402949575
-2512.9291402949575
-2512.9291402949575
-2513.440498611278
-2513.440498611278
-2513.440498611278
-2513.440498611278
-2512.2785466328346
-2512.2785466328346
-2512.2785466328346
-2512.2785466328346
-2512.2785466328346
-2512.2785466328346
-2512.2785466328346
-2512.2785466328346
-2510.3958220246977
-2510.3958220246977
-2510.3958220246977
-2510.3958220246977
-2510.3958220246977
-2510.3958220246977
-2510.3958220246977
-2509.887488878489
-2509.887488878489
-2509.887488878489
-2509.887488878489
-2509.887488878489
-2509.887488878489
-2515.704661277254
-2512.9695787624078
-2512.9695787624078
-2512.3587401513064
-2512.3587401513064
-2512.3587401513064
-2512.631209675238
-2512.631209675238
-2512.631209675238
-2509.9433310716954
-2509.1026742326894
-2509.1026742326894
-2509.1026742326894
-2509.1026742326894
-2509.1026742326894
-2509.1026742326894
-2509.1026742326894
-2509.1026742326894
-2509.1026742326894
-2509.1026742326894
-2509.1026742326894
-2509.1026742326894
-2509.1026742326894
-2509.1026742326894
-2509.1026742326894
-2509.1026742326894
-2510.2607332067164
-2510.2607332067164
-2513.503725463804
-2513.503725463804
-2512.6935726858455
-2512.6935726858455
-2512.7035774634605
-2513.612865843189
-2508.515832378477
-2511.08887556279
-2511.520263986107
-2510.3525276006544
-2510.3525276006544
-2510.3525276006544
-2510.3525276006544
-2510.3525276006544
-2510.248706164561
-2510.7113862190718
-2508.688854330956
-2508.688854330956
-2507.3936404855153
-2507.3936404855153
-2504.3829712159245
-2504.3829712159245
-2504.3829712159245
-2504.3829712159245
-2504.3829712159245
-2504.3829712159245
-2504.3829712159245
-2504.3829712159245
-2505.9775327544794
-2505.6450283311206
-2505.6450283311206
-2505.6450283311206
-2505.6450283311206
-2505.6450283311206
-2505.6450283311206
-2505.6450283311206
-2504.694013034644
-2504.694013034644
-2503.4084714379997
-2503.93281511769
-2503.93281511769
-2503.9318862987434
-2503.891274079025
-2504.369176302554
-2504.369176302554
-2503.234010620577
-2503.234010620577
-2503.234010620577
-2503.234010620577
-2503.234010620577
-2503.234010620577
-2503.234010620577
-2503.234010620577
-2503.234010620577
-2503.234010620577
-2503.234010620577
-2503.234010620577
-2503.234010620577
-2505.4627356369997
-2505.4627356369997
-2505.4627356369997
-2506.6223977452933
-2506.6223977452933
-2506.588019918606
-2507.856575198239
-2508.4996471492955
-2508.4996471492955
-2502.2088626678524
-2502.2088626678524
-2502.3976707022025
-2502.3976707022025
-2502.3976707022025
-2503.5083680799225
-2504.154025083217
-2505.546314397277
-2510.4437536126734
-2504.94564514583
-2504.94564514583
-2504.94564514583
-2504.94564514583
-2504.94564514583
-2504.94564514583
-2504.94564514583
-2503.005008298848
-2503.005008298848
-2503.005008298848
-2503.005008298848
-2503.005008298848
-2503.005008298848
-2503.005008298848
-2503.005008298848
-2503.005008298848
-2503.005008298848
-2503.005008298848
-2503.005008298848
-2503.005008298848
-2503.005008298848
-2503.005008298848
-2503.005008298848
-2505.660010132882
-2505.660010132882
-2508.4608919973834
-2507.4472815569306
-2507.4472815569306
-2507.7624971439636
-2506.8510260495837
-2505.6797521228555
-2503.859507070722
-2503.859507070722
-2503.859507070722
-2503.859507070722
-2503.859507070722
-2503.859507070722
-2503.859507070722
-2504.4030279651256
-2505.1753825661585
-2505.1753825661585
-2506.6886133105418
-2506.6886133105418
-2505.7110230262874
-2505.7110230262874
-2504.425539846027
-2506.341825178603
-2505.7741441565695
-2506.4320181074563
-2506.025362869863
-2507.291034955108
-2506.3251847437828
-2506.5754016513156
-2504.858355923585
-2505.090685778658
-2505.090685778658
-2505.090685778658
-2505.090685778658
-2505.090685778658
-2505.090685778658
-2505.090685778658
-2505.022107636724
-2504.1608865483768
-2506.616127710575
-2506.616127710575
-2505.8932395740435
-2503.8465736760527
-2504.7546734507837
-2505.4782325965293
-2505.4782325965293
-2503.3201884849236
-2503.3201884849236
-2503.3201884849236
-2503.3201884849236
-2503.3201884849236
-2503.3201884849236
-2503.3201884849236
-2503.3201884849236
-2503.3201884849236
-2503.3201884849236
-2503.3201884849236
-2503.3201884849236
-2503.3201884849236
-2503.3201884849236
-2503.174584042503
-2502.847762152483
-2502.847762152483
-2502.847762152483
-2505.919346581663
-2505.919346581663
-2508.102873340934
-2505.654511757979
-2505.654511757979
-2509.7453305918593
-2508.2504007854855
-2507.501906523493
-2507.915888051192
-2508.9174121982246
-2511.199856437346
-2511.199856437346
-2512.1984982242648
-2513.285995249658
-2512.7997151139903
-2512.7997151139903
-2507.6376812906915
-2507.6376812906915
-2507.6376812906915
-2507.6376812906915
-2507.6376812906915
-2507.6376812906915
-2507.6376812906915
-2507.6376812906915
-2507.6376812906915
-2507.6376812906915
-2507.6376812906915
-2507.6376812906915
-2507.6376812906915
-2507.6376812906915
-2507.6376812906915
-2507.6376812906915
-2509.6446253172135
-2509.564850944187
-2509.564850944187
-2506.2887509293746
-2506.2887509293746
-2506.2887509293746
-2506.2887509293746
-2504.763460027398
-2505.707603688117
-2504.6842158770974
-2507.8421642167614
-2511.3373114655424
-2507.3937037987002
-2507.3937037987002
-2506.149863508703
-2505.7488696189976
-2505.684686533398
-2504.6226577881575
-2504.6226577881575
-2504.6226577881575
-2505.353389725869
-2505.107478295855
-2505.107478295855
-2504.862377983719
-2505.7073467236028
-2505.7073467236028
-2505.7073467236028
-2505.7073467236028
-2506.6494602111475
-2506.261676760565
-2504.9800106559946
-2504.9800106559946
-2506.901962180222
-2508.5223317905347
-2507.259010062014
-2507.259010062014
-2507.259010062014
-2506.623731615961
-2509.357950686863
-2509.357950686863
-2508.8040144346096
-2508.634522596506
-2507.2043403384228
-2508.0413089172616
-2505.9475624864845
-2505.2505514514532
-2507.485264285776
-2507.485264285776
-2507.485264285776
-2507.485264285776
-2505.8747923292767
-2505.1945160705036
-2503.8895822681056
-2503.030960840677
-2503.030960840677
-2503.030960840677
-2503.030960840677
-2503.030960840677
-2503.030960840677
-2503.030960840677
-2503.030960840677
-2503.030960840677
-2503.030960840677
-2503.030960840677
-2503.030960840677
-2503.030960840677
-2504.169032490405
-2505.92880537996
-2505.92880537996
-2505.92880537996
-2505.92880537996
-2505.7343238491153
-2505.7343238491153
-2505.7343238491153
-2505.7343238491153
-2505.587580172817
-2505.587580172817
-2505.587580172817
-2506.997685026144
-2506.997685026144
-2506.997685026144
-2506.896336535482
-2506.498725945607
-2504.1123877332025
-2505.466536237213
-2507.049764110013
-2508.603090253037
-2506.9060089049117
-2506.8233194494233
-2504.243059598168
-2504.243059598168
-2504.243059598168
-2504.120559045618
-2504.120559045618
-2504.120559045618
-2504.120559045618
-2504.120559045618
-2506.037597875271
-2506.037597875271
-2506.037597875271
-2506.037597875271
-2504.500007267558
-2504.500007267558
-2504.500007267558
-2505.7718455437903
-2505.7718455437903
-2503.321862893583
-2503.321862893583
-2503.321862893583
-2503.321862893583
-2503.321862893583
-2503.321862893583
-2504.5160150465003
-2504.5160150465003
-2504.5160150465003
-2508.8349198125634
-2507.4572036004042
-2504.1462693710573
-2504.1462693710573
-2504.1462693710573
-2504.1462693710573
-2505.72126798557
-2505.72126798557
-2505.72126798557
-2505.571164069373
-2505.571164069373
-2505.571164069373
-2506.4856307565838
-2506.4856307565838
-2506.4856307565838
-2504.997521376161
-2504.997521376161
-2504.997521376161
-2502.14205815608
-2502.14205815608
-2502.14205815608
-2502.14205815608
-2502.14205815608
-2502.14205815608
-2502.14205815608
-2502.14205815608
-2502.14205815608
-2502.14205815608
-2502.14205815608
-2502.14205815608
-2502.14205815608
-2502.14205815608
-2502.14205815608
-2502.14205815608
-2502.14205815608
-2502.14205815608
-2502.14205815608
-2502.14205815608
-2502.14205815608
-2502.14205815608
-2503.9980870558647
-2503.9980870558647
-2504.1521583577533
-2504.1521583577533
-2504.1521583577533
-2504.1521583577533
-2504.1521583577533
-2504.1521583577533
-2504.1521583577533
-2504.1521583577533
-2504.1521583577533
-2504.1521583577533
-2504.1521583577533
-2504.1521583577533
-2504.1521583577533
-2504.1521583577533
-2504.1521583577533
-2504.1521583577533
-2504.1521583577533
-2502.0470588731087
-2502.0470588731087
-2502.0470588731087
-2502.0470588731087
-2502.0470588731087
-2503.0026047019546
-2503.0026047019546
-2503.0026047019546
-2503.0026047019546
-2503.0026047019546
-2503.0026047019546
-2503.0026047019546
-2503.0026047019546
-2503.0026047019546
-2503.0026047019546
-2503.0026047019546
-2503.0026047019546
-2503.0026047019546
-2503.0026047019546
-2503.0026047019546
-2503.0026047019546
-2503.0026047019546
-2503.0026047019546
-2503.0026047019546
-2503.0026047019546
-2503.0026047019546
-2503.0026047019546
-2503.453579754551
-2503.453579754551
-2503.453579754551
-2503.453579754551
-2503.453579754551
-2503.453579754551
-2503.293706851829
-2503.293706851829
-2503.293706851829
-2503.293706851829
-2503.293706851829
-2503.293706851829
-2503.293706851829
-2503.9059334446238
-2502.7155592538033
-2502.7155592538033
-2502.7155592538033
-2505.124784822903
-2505.124784822903
-2505.124784822903
-2505.124784822903
-2505.124784822903
-2503.474140481587
-2503.474140481587
-2503.474140481587
-2503.474140481587
-2503.474140481587
