-9719.72690601151
-9573.885302568357
-6436.532828865559
-5533.1777359194675
-4905.705972647025
-4727.491250785848
-4005.2119152190467
-2664.429498094253
-2626.5874420285268
-2549.967493711558
-2549.967493711558
-2549.967493711558
-2549.967493711558
-2532.3662822649367
-2532.3662822649367
-2522.312502626763
-2516.6550978786286
-2521.977600489288
-2510.534660407168
-2510.534660407168
-2518.7291987269414
-2518.7291987269414
-2518.7291987269414
-2518.7291987269414
-2518.7291987269414
-2515.291103061597
-2517.6755769423303
-2517.6755769423303
-2517.6755769423303
-2517.6755769423303
-2513.6740935663
-2513.6740935663
-2513.6740935663
-2513.6887879528476
-2513.6887879528476
-2507.9062550155504
-2507.9062550155504
-2507.9062550155504
-2507.9062550155504
-2507.9062550155504
-2505.672157467007
-2505.672157467007
-2505.672157467007
-2505.672157467007
-2505.672157467007
-2505.672157467007
-2505.672157467007
-2508.6495500639417
-2508.6495500639417
-2508.6495500639417
-2506.1531141346563
-2506.1531141346563
-2506.1531141346563
-2506.1531141346563
-2506.1531141346563
-2506.1531141346563
-2505.2158323632584
-2505.2158323632584
-2504.126930058023
-2504.126930058023
-2504.126930058023
-2504.126930058023
-2504.126930058023
-2504.126930058023
-2504.126930058023
-2504.126930058023
-2504.126930058023
-2504.126930058023
-2504.126930058023
-2504.126930058023
-2504.126930058023
-2504.126930058023
-2504.126930058023
-2504.126930058023
-2504.126930058023
-2504.126930058023
-2504.126930058023
-2504.126930058023
-2504.126930058023
-2504.126930058023
-2504.126930058023
-2504.126930058023
-2504.126930058023
-2504.5890763758352
-2504.5890763758352
-2504.5890763758352
-2504.5890763758352
-2504.5890763758352
-2504.5890763758352
-2504.5890763758352
-2504.5890763758352
-2504.5890763758352
-2504.5890763758352
-2504.5890763758352
-2504.5890763758352
-2504.5890763758352
-2504.5890763758352
-2509.3042542984936
-2509.3042542984936
-2508.8157337692205
-2505.026504021755
-2505.026504021755
-2505.026504021755
-2505.026504021755
-2505.026504021755
-2505.026504021755
-2505.026504021755
-2505.026504021755
-2504.4430137683535
-2504.4430137683535
-2504.4430137683535
-2504.2846549950223
-2505.301474991979
-2505.301474991979
-2506.2098702910375
-2504.743385522839
-2504.743385522839
-2504.743385522839
-2504.743385522839
-2504.743385522839
-2504.743385522839
-2504.743385522839
-2504.743385522839
-2504.743385522839
-2504.743385522839
-2504.743385522839
-2504.743385522839
-2504.815049060705
-2504.815049060705
-2504.815049060705
-2504.815049060705
-2504.0840160451335
-2504.0840160451335
-2506.2602866631246
-2506.414845266897
-2504.9501233873502
-2504.9501233873502
-2505.4368243836548
-2505.4368243836548
-2505.1533997846373
-2505.1533997846373
-2504.6532718085878
-2504.951021597141
-2504.951021597141
-2504.951021597141
-2504.951021597141
-2503.7753659908376
-2503.7753659908376
-2503.7753659908376
-2503.7753659908376
-2504.8484412175358
-2504.8484412175358
-2504.8484412175358
-2504.345236228904
-2504.345236228904
-2503.5046376285136
-2503.5046376285136
-2505.275359175457
-2504.3177926470016
-2504.3500132257363
-2504.625961793364
-2505.674134777773
-2505.674134777773
-2505.1999986263368
-2505.1999986263368
-2504.352524113401
-2503.5925206359584
-2506.6789962809007
-2506.6104428533536
-2505.1762110032887
-2505.1762110032887
-2505.1762110032887
-2505.1762110032887
-2505.1762110032887
-2505.1762110032887
-2506.009858449222
-2506.009858449222
-2506.009858449222
-2506.009858449222
-2506.009858449222
-2507.388038095973
-2502.550447346042
-2502.550447346042
-2504.0409373556704
-2503.99075523633
-2503.99075523633
-2503.99075523633
-2503.99075523633
-2503.99075523633
-2503.99075523633
-2503.99075523633
-2503.99075523633
-2503.99075523633
-2505.564643037343
-2506.410031475264
-2506.880345116446
-2505.8489068452695
-2505.8489068452695
-2507.6401827082855
-2507.6401827082855
-2507.169563325396
-2503.979418280963
-2503.979418280963
-2503.979418280963
-2503.979418280963
-2503.979418280963
-2503.979418280963
-2503.979418280963
-2503.979418280963
-2503.979418280963
-2509.794259055966
-2508.725685912356
-2508.725685912356
-2508.725685912356
-2507.3392372327385
-2508.8486409586953
-2504.6763694719025
-2507.438969737281
-2504.7161560086192
-2504.7161560086192
-2504.7161560086192
-2504.7161560086192
-2504.7161560086192
-2504.7161560086192
-2506.1287493205787
-2506.1287493205787
-2506.8204795056145
-2507.861984356189
-2505.9158941194887
-2505.9158941194887
-2505.9158941194887
-2505.9158941194887
-2505.302901658796
-2505.302901658796
-2505.302901658796
-2503.8146729302293
-2503.8146729302293
-2503.8146729302293
-2505.290183833809
-2505.290183833809
-2505.290183833809
-2505.582295581244
-2505.582295581244
-2505.582295581244
-2505.582295581244
-2503.9585281167597
-2503.9585281167597
-2503.9585281167597
-2503.9585281167597
-2503.9585281167597
-2503.9585281167597
-2503.9585281167597
-2503.9585281167597
-2503.9585281167597
-2503.9585281167597
-2503.9585281167597
-2503.9585281167597
-2503.7871268069903
-2503.7871268069903
-2503.7871268069903
-2503.7871268069903
-2503.7871268069903
-2503.7871268069903
-2503.7871268069903
-2503.7871268069903
-2503.7871268069903
-2503.7871268069903
-2503.7871268069903
-2503.7871268069903
-2503.7871268069903
-2503.7871268069903
-2504.95584101058
-2504.95584101058
-2504.95584101058
-2504.597559684007
-2504.597559684007
-2504.0804296937263
-2504.0804296937263
-2504.2325773263487
-2504.2325773263487
-2504.2325773263487
-2504.2325773263487
-2504.2325773263487
-2505.103254987568
-2505.103254987568
-2506.27271395736
-2505.829382006477
-2505.829382006477
-2505.829382006477
-2505.829382006477
-2505.829382006477
-2506.7196368398218
-2506.7196368398218
-2508.317560974958
-2508.417055984397
-2508.417055984397
-2508.417055984397
-2508.417055984397
-2506.805623993341
-2507.6775185683205
-2508.3096273102055
-2505.493990421884
-2503.485379190606
-2504.552359144887
-2504.552359144887
-2504.5617020302916
-2504.5617020302916
-2503.0480578193633
-2503.0480578193633
-2503.0480578193633
-2503.0480578193633
-2504.501640472657
-2504.501640472657
-2504.501640472657
-2503.0323897222743
-2503.0323897222743
-2503.0323897222743
-2503.0323897222743
-2503.0323897222743
-2503.0323897222743
-2503.0323897222743
-2503.0323897222743
-2503.0323897222743
-2503.0323897222743
-2505.476014186254
-2505.476014186254
-2505.476014186254
-2505.476014186254
-2505.476014186254
-2504.7452382441766
-2504.7452382441766
-2505.4813484770243
-2505.4813484770243
-2506.2257928805193
-2504.464557638045
-2504.464557638045
-2504.464557638045
-2504.464557638045
-2504.464557638045
-2504.464557638045
-2504.464557638045
-2505.631947915794
-2503.76129808672
-2503.76129808672
-2503.76129808672
-2503.76129808672
-2503.76129808672
-2503.76129808672
-2509.7910317245132
-2509.7910317245132
-2508.6395621999163
-2512.840535147037
-2507.097866345271
-2507.097866345271
-2505.3412664578627
-2505.3412664578627
-2505.3412664578627
-2505.3412664578627
-2505.3412664578627
-2505.3412664578627
-2505.3412664578627
-2505.3412664578627
-2505.3412664578627
-2505.3412664578627
-2505.3412664578627
-2505.3412664578627
-2505.3412664578627
-2505.3412664578627
-2505.339175555756
-2505.339175555756
-2505.339175555756
-2505.339175555756
-2505.339175555756
-2505.339175555756
-2505.339175555756
-2505.339175555756
-2505.339175555756
-2505.1053638768617
-2505.6540383645765
-2504.2256378171387
-2504.2256378171387
-2505.8925225823887
-2505.8925225823887
-2505.8925225823887
-2505.8925225823887
-2505.8925225823887
-2505.8925225823887
-2505.152200196156
-2504.05127911123
-2504.05127911123
-2504.05127911123
-2504.05127911123
-2504.05127911123
-2504.05127911123
-2504.05127911123
-2504.05127911123
-2504.05127911123
-2504.05127911123
-2504.05127911123
-2504.05127911123
-2504.05127911123
-2504.05127911123
-2504.05127911123
-2504.05127911123
-2504.05127911123
-2504.555939001358
-2505.7399607606335
-2505.7399607606335
-2505.134416513888
-2505.134416513888
-2505.134416513888
-2505.134416513888
-2505.1714811393217
-2505.1714811393217
-2505.1714811393217
-2505.1714811393217
-2506.3024412549607
-2506.3024412549607
-2506.3024412549607
-2506.3024412549607
-2506.3024412549607
-2506.519993722011
-2506.519993722011
-2506.519993722011
-2504.641994622217
-2504.641994622217
-2504.641994622217
-2504.641994622217
-2504.6394597470066
-2504.6394597470066
-2504.6394597470066
-2504.6394597470066
-2504.6394597470066
-2505.2471073876272
-2505.2471073876272
-2505.2471073876272
-2505.2471073876272
-2505.112886523225
-2505.112886523225
-2505.112886523225
-2505.112886523225
-2507.239969398724
-2506.373375011818
-2506.4463590932805
-2506.4463590932805
-2509.9340412491556
-2508.9933803791982
-2509.403942139806
-2508.0979926788686
-2508.0979926788686
-2507.130300235951
-2507.130300235951
-2507.130300235951
-2507.130300235951
-2507.130300235951
-2507.130300235951
-2507.130300235951
-2506.7483099944106
-2506.7483099944106
-2508.187401110297
-2508.187401110297
-2508.113560057821
-2508.6817010750947
-2508.6817010750947
-2507.7849824616433
-2505.8572683965194
-2509.5159013318175
-2511.1604268217466
-2508.84602293439
-2510.8167338375542
-2506.546988974434
-2508.4209606379845
-2508.1701522787885
-2508.057597369216
-2504.954282975537
-2504.954282975537
-2507.361996159759
-2506.2413653750077
-2506.2413653750077
-2504.7168520190467
-2504.7168520190467
-2504.7168520190467
-2507.1485340704044
-2506.0795716490175
-2504.6646117120185
-2504.3281640869286
-2504.3281640869286
-2504.3281640869286
-2504.3281640869286
-2504.3281640869286
-2504.3281640869286
-2504.3281640869286
-2505.4260324344464
-2505.4260324344464
-2505.4260324344464
-2505.4260324344464
-2505.4260324344464
-2505.4260324344464
-2505.4260324344464
-2505.4260324344464
-2505.4260324344464
