-2938.86068141468
-2844.300467125802
-2569.7406097720846
-2569.7406097720846
-2569.7406097720846
-2563.1389299813054
-2530.2189315967657
-2523.626561596221
-2523.626561596221
-2509.87703666355
-2511.0663796896347
-2507.822203283754
-2506.281931015533
-2508.339614802333
-2510.1442503442636
-2507.320433811947
-2507.320433811947
-2507.320433811947
-2507.320433811947
-2507.320433811947
-2507.604463613889
-2508.6563691933843
-2506.110297968761
-2506.110297968761
-2506.110297968761
-2506.110297968761
-2506.110297968761
-2506.110297968761
-2506.110297968761
-2506.110297968761
-2506.110297968761
-2506.110297968761
-2506.110297968761
-2506.110297968761
-2506.110297968761
-2506.110297968761
-2506.110297968761
-2506.110297968761
-2506.110297968761
-2506.110297968761
-2506.110297968761
-2506.110297968761
-2506.110297968761
-2506.110297968761
-2506.110297968761
-2506.110297968761
-2505.395413780386
-2505.395413780386
-2505.395413780386
-2505.395413780386
-2505.84772810027
-2505.84772810027
-2505.84772810027
-2505.84772810027
-2505.84772810027
-2505.84772810027
-2505.84772810027
-2505.84772810027
-2508.4360321308022
-2508.4360321308022
-2508.4360321308022
-2508.4360321308022
-2508.4360321308022
-2508.4360321308022
-2508.4360321308022
-2507.152515714042
-2507.152515714042
-2507.514003440247
-2505.503010937282
-2505.503010937282
-2505.503010937282
-2505.503010937282
-2505.503010937282
-2505.503010937282
-2504.0126228431673
-2504.0126228431673
-2504.0126228431673
-2504.0126228431673
-2504.0126228431673
-2504.0126228431673
-2504.0126228431673
-2504.0126228431673
-2504.0126228431673
-2504.0126228431673
-2504.0126228431673
-2504.0126228431673
-2504.0126228431673
-2504.0126228431673
-2504.0126228431673
-2504.0126228431673
-2504.0126228431673
-2504.0126228431673
-2507.7618178297944
-2507.7879160671223
-2507.8841788179952
-2506.9180148096684
-2505.7495021903915
-2505.7495021903915
-2508.8553013856726
-2508.8553013856726
-2508.8553013856726
-2510.8143220023762
-2510.8143220023762
-2510.0559411693885
-2510.0559411693885
-2508.8301188651562
-2510.1646548636672
-2509.559730897976
-2507.51719638543
-2507.51719638543
-2507.603834433584
-2507.603834433584
-2507.603834433584
-2507.603834433584
-2505.671817325351
-2505.671817325351
-2505.671817325351
-2506.0994773288726
-2506.0994773288726
-2506.0994773288726
-2507.108772962253
-2506.2914260695125
-2506.453777103485
-2506.453777103485
-2504.569001458037
-2504.569001458037
-2504.569001458037
-2504.569001458037
-2504.569001458037
-2503.815047511666
-2503.815047511666
-2503.815047511666
-2503.815047511666
-2503.815047511666
-2503.815047511666
-2503.815047511666
-2503.815047511666
-2503.815047511666
-2503.815047511666
-2503.815047511666
-2503.815047511666
-2503.815047511666
-2503.815047511666
-2503.815047511666
-2503.815047511666
-2503.815047511666
-2503.815047511666
-2503.815047511666
-2505.176364031108
-2505.176364031108
-2505.176364031108
-2505.176364031108
-2505.176364031108
-2505.354192847671
-2505.354192847671
-2505.354192847671
-2505.354192847671
-2505.5342146637463
-2505.5342146637463
-2505.5342146637463
-2505.5342146637463
-2505.85170620652
-2505.85170620652
-2505.85170620652
-2505.85170620652
-2505.85170620652
-2504.2785271978405
-2504.2785271978405
-2504.2785271978405
-2504.2785271978405
-2504.3985993051238
-2504.3985993051238
-2505.164292140499
-2506.1602288919125
-2506.1602288919125
-2506.0183899438603
-2504.524143892864
-2504.524143892864
-2504.524143892864
-2505.6544354901343
-2505.6544354901343
-2505.6544354901343
-2505.6544354901343
-2505.6544354901343
-2505.6544354901343
-2503.969138027297
-2504.602400092305
-2504.602400092305
-2505.9107515585124
-2505.9107515585124
-2505.9107515585124
-2506.276055334768
-2507.124134391396
-2506.1439062215754
-2506.1439062215754
-2506.1439062215754
-2505.1999424218584
-2505.1999424218584
-2505.1999424218584
-2505.1999424218584
-2505.1999424218584
-2505.1999424218584
-2505.1999424218584
-2505.1999424218584
-2505.324881786989
-2505.324881786989
-2505.324881786989
-2505.324881786989
-2505.324881786989
-2505.324881786989
-2504.6504057028246
-2504.6504057028246
-2504.6504057028246
-2504.6504057028246
-2504.6504057028246
-2504.6504057028246
-2504.6504057028246
-2504.6504057028246
-2503.9359131011643
-2503.9359131011643
-2503.9359131011643
-2504.5115999950976
-2504.5115999950976
-2504.5115999950976
-2504.5115999950976
-2504.5115999950976
-2504.5115999950976
-2504.5115999950976
-2504.5115999950976
-2502.904527046802
-2502.904527046802
-2502.904527046802
-2502.904527046802
-2502.904527046802
-2502.904527046802
-2502.904527046802
-2502.904527046802
-2502.904527046802
-2502.904527046802
-2502.904527046802
-2502.904527046802
-2502.904527046802
-2502.904527046802
-2502.904527046802
-2502.904527046802
-2502.904527046802
-2502.904527046802
-2502.904527046802
-2502.904527046802
-2502.904527046802
-2502.904527046802
-2502.904527046802
-2502.904527046802
-2502.904527046802
-2502.904527046802
-2502.904527046802
-2502.904527046802
-2502.904527046802
-2502.904527046802
-2502.904527046802
-2502.904527046802
-2502.904527046802
-2502.904527046802
-2502.904527046802
-2502.904527046802
-2503.2357635106237
-2503.2357635106237
-2503.2357635106237
-2503.2357635106237
-2503.2357635106237
-2503.2357635106237
-2503.2357635106237
-2503.2357635106237
-2503.2357635106237
-2503.2357635106237
-2503.2357635106237
-2503.2357635106237
-2503.2357635106237
-2503.2357635106237
-2503.2357635106237
-2503.2357635106237
-2503.2357635106237
-2503.2357635106237
-2503.2357635106237
-2503.2357635106237
-2503.2357635106237
-2503.2357635106237
-2503.2357635106237
-2503.2357635106237
-2503.2357635106237
-2503.2357635106237
-2503.2357635106237
-2503.2357635106237
-2503.2357635106237
-2503.2357635106237
-2503.2357635106237
-2503.2357635106237
-2503.2357635106237
-2503.2357635106237
-2503.2357635106237
-2503.2357635106237
-2503.2357635106237
-2503.2357635106237
-2503.2357635106237
-2503.2357635106237
-2503.2357635106237
-2503.2357635106237
-2503.2357635106237
-2503.2357635106237
-2503.2357635106237
-2503.2357635106237
-2503.2357635106237
-2503.2357635106237
-2503.2357635106237
-2503.2357635106237
-2503.2357635106237
-2503.2357635106237
-2503.2357635106237
-2503.2357635106237
-2503.2357635106237
-2503.2357635106237
-2503.2357635106237
-2503.2357635106237
-2503.2357635106237
-2503.2357635106237
-2503.2357635106237
-2503.2357635106237
-2503.2357635106237
-2503.2357635106237
-2503.2357635106237
-2503.2357635106237
-2503.2357635106237
-2503.2357635106237
-2503.2357635106237
-2503.2357635106237
-2503.2357635106237
-2503.2357635106237
-2503.2357635106237
-2503.2357635106237
-2503.2357635106237
-2503.2357635106237
-2503.2357635106237
-2503.2357635106237
-2503.2357635106237
-2503.2357635106237
-2503.2357635106237
-2503.2357635106237
-2503.2357635106237
-2503.2357635106237
-2503.2357635106237
-2503.2357635106237
-2503.2357635106237
-2503.2357635106237
-2503.2357635106237
-2503.2357635106237
-2503.2357635106237
-2503.2357635106237
-2503.2357635106237
-2503.2357635106237
-2503.2357635106237
-2503.2357635106237
-2503.2357635106237
-2503.2357635106237
-2503.2357635106237
-2503.2357635106237
-2503.2357635106237
-2503.2357635106237
-2503.2357635106237
-2503.2357635106237
-2503.2357635106237
-2503.2357635106237
-2503.2357635106237
-2503.2357635106237
-2503.2357635106237
-2503.2357635106237
-2503.2357635106237
-2503.2357635106237
-2503.2357635106237
-2503.2357635106237
-2503.2357635106237
-2503.2357635106237
-2503.2357635106237
-2503.2357635106237
-2503.2357635106237
-2503.2357635106237
-2503.2357635106237
-2503.2357635106237
-2503.2357635106237
-2503.2357635106237
-2503.2357635106237
-2503.2357635106237
-2503.2357635106237
-2503.2357635106237
-2503.2357635106237
-2503.2357635106237
-2503.460957921354
-2503.460957921354
-2503.460957921354
-2503.7332148038695
-2503.532753264308
-2503.532753264308
-2503.532753264308
-2503.532753264308
-2503.532753264308
-2503.532753264308
-2503.532753264308
-2503.532753264308
-2503.532753264308
-2503.532753264308
-2503.532753264308
-2503.532753264308
-2503.532753264308
-2503.532753264308
-2503.532753264308
-2503.532753264308
-2503.532753264308
-2503.532753264308
-2503.532753264308
-2503.532753264308
-2503.532753264308
-2503.532753264308
-2503.532753264308
-2503.532753264308
-2503.532753264308
-2503.532753264308
-2503.532753264308
-2503.532753264308
-2503.532753264308
-2506.2590538086306
-2503.747488327284
-2503.747488327284
-2503.747488327284
-2504.3710760372032
-2504.3710760372032
-2505.169833398658
-2504.8066417646014
-2504.8066417646014
-2504.8066417646014
-2504.8066417646014
-2504.8066417646014
-2504.8066417646014
-2504.8066417646014
-2504.8066417646014
-2504.8066417646014
-2504.8066417646014
-2504.8066417646014
-2504.8066417646014
-2504.8066417646014
-2504.8066417646014
-2504.8066417646014
-2504.8066417646014
-2504.8066417646014
-2504.8066417646014
-2504.8066417646014
-2503.844752245199
-2503.844752245199
-2506.9653463581885
-2506.9653463581885
-2506.9653463581885
-2506.9653463581885
-2506.9653463581885
-2506.9653463581885
-2506.9653463581885
-2506.9653463581885
-2506.9653463581885
-2506.0068987763593
-2506.0068987763593
-2506.0068987763593
-2506.100194007057
-2506.100194007057
-2506.100194007057
-2506.100194007057
-2506.100194007057
-2506.718663291159
-2506.718663291159
-2506.718663291159
-2506.718663291159
-2506.718663291159
-2504.73708895457
-2504.73708895457
-2504.73708895457
-2504.73708895457
-2505.3501619420563
-2505.3501619420563
-2505.3501619420563
-2505.3501619420563
-2505.3501619420563
-2505.3501619420563
-2504.019103037437
-2504.019103037437
-2504.019103037437
-2504.019103037437
-2504.019103037437
-2504.019103037437
-2504.019103037437
-2507.2023786823634
-2506.453890687846
-2506.453890687846
-2506.453890687846
-2506.453890687846
-2505.97712934196
