-2521.7919995917055
-2521.7919995917055
-2518.1472209570397
-2518.511570624877
-2514.809374368312
-2512.4083635553216
-2510.204960623324
-2510.204960623324
-2510.7253910976974
-2510.7253910976974
-2509.1110189675915
-2509.1110189675915
-2509.1110189675915
-2509.1110189675915
-2509.1110189675915
-2509.1110189675915
-2509.1110189675915
-2509.1110189675915
-2509.1110189675915
-2509.1110189675915
-2509.1110189675915
-2509.6434239383425
-2509.6434239383425
-2509.6434239383425
-2512.421677403528
-2513.26964132196
-2507.7833719587184
-2507.7833719587184
-2507.7833719587184
-2507.7833719587184
-2510.93840338754
-2509.4160645872103
-2509.4160645872103
-2509.4160645872103
-2509.4160645872103
-2509.100368751381
-2509.100368751381
-2509.100368751381
-2513.267252770145
-2512.3855527737796
-2512.3855527737796
-2513.454490886619
-2512.452698378671
-2512.452698378671
-2512.452698378671
-2511.5527748907425
-2508.562698127548
-2507.7224230744996
-2507.7224230744996
-2507.7224230744996
-2507.7224230744996
-2507.7224230744996
-2507.7224230744996
-2507.7224230744996
-2507.7224230744996
-2507.7224230744996
-2504.910092032487
-2504.910092032487
-2504.910092032487
-2504.910092032487
-2504.910092032487
-2504.910092032487
-2504.910092032487
-2504.910092032487
-2504.910092032487
-2504.910092032487
-2504.910092032487
-2504.910092032487
-2504.910092032487
-2504.910092032487
-2504.910092032487
-2504.910092032487
-2506.1651235637123
-2506.1651235637123
-2506.1651235637123
-2506.1651235637123
-2506.1651235637123
-2506.883852484752
-2508.5775293537463
-2508.5775293537463
-2508.5775293537463
-2508.3156444472493
-2508.3156444472493
-2508.3156444472493
-2508.010714524949
-2507.5628873959718
-2504.9019689816837
-2504.9019689816837
-2503.814419138449
-2503.814419138449
-2507.315712143742
-2506.559618166266
-2508.6877778761086
-2508.6877778761086
-2508.8063172600027
-2508.8063172600027
-2510.2426380259876
-2510.2476455782935
-2511.4427725588052
-2511.4427725588052
-2511.0035410640094
-2509.197874999197
-2507.331197024397
-2507.331197024397
-2503.4177610093266
-2503.4177610093266
-2503.4177610093266
-2503.4177610093266
-2503.4177610093266
-2503.4177610093266
-2503.4177610093266
-2503.4177610093266
-2503.4177610093266
-2503.4177610093266
-2503.4177610093266
-2503.4177610093266
-2503.4177610093266
-2503.4177610093266
-2503.4177610093266
-2503.4177610093266
-2503.4177610093266
-2503.4177610093266
-2503.4177610093266
-2503.4177610093266
-2503.4177610093266
-2503.4177610093266
-2503.4177610093266
-2503.4177610093266
-2503.4177610093266
-2503.4177610093266
-2503.4177610093266
-2503.4177610093266
-2503.4177610093266
-2503.4177610093266
-2503.4177610093266
-2503.4177610093266
-2503.4177610093266
-2503.4177610093266
-2503.4177610093266
-2503.4177610093266
-2503.4177610093266
-2503.4177610093266
-2503.4177610093266
-2503.4177610093266
-2503.4177610093266
-2503.4177610093266
-2503.4177610093266
-2503.4177610093266
-2503.4177610093266
-2504.0132463250134
-2504.0132463250134
-2504.0132463250134
-2504.0132463250134
-2504.0132463250134
-2504.0132463250134
-2505.56943335449
-2508.502854551033
-2504.0474434418607
-2506.3135741627793
-2506.3135741627793
-2506.3135741627793
-2506.3135741627793
-2505.738598746602
-2505.738598746602
-2506.793866671997
-2506.3005820018666
-2506.413809148785
-2506.2041750131307
-2506.2041750131307
-2505.142979751964
-2505.142979751964
-2505.142979751964
-2505.142979751964
-2505.142979751964
-2505.142979751964
-2505.142979751964
-2505.142979751964
-2505.142979751964
-2506.0704103478997
-2506.0704103478997
-2505.0899329432127
-2504.296951616974
-2504.0080961947374
-2505.7482468009125
-2505.7482468009125
-2505.5413931525977
-2506.0978879713275
-2506.0978879713275
-2506.0978879713275
-2504.58816398056
-2504.58816398056
-2504.58816398056
-2504.58816398056
-2504.58816398056
-2504.58816398056
-2505.6477387748187
-2505.6477387748187
-2505.6477387748187
-2505.6477387748187
-2505.6477387748187
-2505.6477387748187
-2505.6477387748187
-2508.268024731374
-2508.268024731374
-2508.268024731374
-2511.4459901362206
-2508.3459116584354
-2505.0305087631737
-2503.043095453676
-2504.4145398737382
-2503.3368966645685
-2503.3368966645685
-2503.3368966645685
-2503.3368966645685
-2503.3368966645685
-2503.3368966645685
-2503.0958959050176
-2503.0958959050176
-2503.0958959050176
-2503.0958959050176
-2503.0958959050176
-2503.0958959050176
-2503.0958959050176
-2505.479443218718
-2505.479443218718
-2505.479443218718
-2505.479443218718
-2505.479443218718
-2505.479443218718
-2503.4579491416066
-2503.4579491416066
-2503.4579491416066
-2503.4579491416066
-2503.4579491416066
-2503.4579491416066
-2503.4579491416066
-2503.4579491416066
-2503.4579491416066
-2503.4579491416066
-2503.4579491416066
-2503.4579491416066
-2503.4579491416066
-2503.4579491416066
-2503.4579491416066
-2503.4579491416066
-2503.4579491416066
-2503.4579491416066
-2503.4579491416066
-2503.4579491416066
-2505.4787242595503
-2505.3059508392016
-2505.3059508392016
-2504.023803835898
-2502.5613354246852
-2502.5613354246852
-2502.5613354246852
-2502.5613354246852
-2502.5613354246852
-2502.5613354246852
-2502.5613354246852
-2502.5613354246852
-2502.5613354246852
-2502.5613354246852
-2502.5613354246852
-2502.5613354246852
-2502.5613354246852
-2502.5613354246852
-2502.5613354246852
-2504.056647439145
-2504.056647439145
-2504.771820476922
-2504.771820476922
-2504.771820476922
-2504.771820476922
-2504.771820476922
-2504.771820476922
-2504.771820476922
-2508.027168480029
-2508.8445432546864
-2511.6673228089944
-2506.637393372852
-2506.637393372852
-2506.637393372852
-2506.637393372852
-2506.637393372852
-2506.6065674669226
-2506.6065674669226
-2506.6065674669226
-2506.6065674669226
-2506.5092746819405
-2506.526900696534
-2505.374952574201
-2504.2059281406705
-2504.2059281406705
-2505.1641611168907
-2505.1641611168907
-2505.1641611168907
-2505.1641611168907
-2505.1641611168907
-2507.7133402750146
-2506.4969092383585
-2506.4969092383585
-2508.5662785622435
-2508.5662785622435
-2507.775322985235
-2508.3821576155024
-2508.4773480165095
-2506.6668167106527
-2506.4096928532754
-2507.5100479158605
-2504.6825318144715
-2504.991365505733
-2504.991365505733
-2504.991365505733
-2504.991365505733
-2504.991365505733
-2504.991365505733
-2504.991365505733
-2504.991365505733
-2504.991365505733
-2506.085389974513
-2506.085389974513
-2506.085389974513
-2506.085389974513
-2504.7669007813097
-2505.4482046319436
-2505.4482046319436
-2505.4482046319436
-2507.6643128429673
-2503.779657829683
-2503.779657829683
-2503.779657829683
-2503.779657829683
-2503.779657829683
-2503.779657829683
-2503.779657829683
-2506.4811261638065
-2506.4811261638065
-2506.4811261638065
-2507.642167712741
-2506.792130896514
-2507.28789094193
-2504.8382201036006
-2509.547577144845
-2509.547577144845
-2507.9386477305643
-2507.9386477305643
-2508.270235090197
-2507.4581628679016
-2505.979255868729
-2504.505965204771
-2505.5008898069495
-2508.9897390965625
-2503.5702629944312
-2505.494113535722
-2505.494113535722
-2505.494113535722
-2505.9724048969642
-2507.772561195777
-2507.1274639296867
-2506.258996582314
-2506.258996582314
-2506.2084623738447
-2506.2084623738447
-2506.2084623738447
-2506.2084623738447
-2506.0785485627107
-2503.0375512900787
-2503.0375512900787
-2505.908282040277
-2506.3502323589555
-2506.3502323589555
-2506.3502323589555
-2504.807967780896
-2506.4986211432893
-2506.1089715956177
-2510.143091237602
-2504.7076938878336
-2506.6936348430654
-2508.4498274085513
-2508.864230860932
-2506.9910502814
-2509.730658756089
-2506.215510160584
-2506.572223210285
-2506.572223210285
-2505.58217082703
-2505.58217082703
-2505.58217082703
-2505.58217082703
-2505.58217082703
-2505.58217082703
-2505.58217082703
-2505.58217082703
-2505.58217082703
-2505.58217082703
-2505.58217082703
-2505.58217082703
-2505.58217082703
-2505.1792891537284
-2505.1792891537284
-2505.1792891537284
-2505.1792891537284
-2506.135044575495
-2506.135044575495
-2506.135044575495
-2506.135044575495
-2506.135044575495
-2508.0319449577123
-2510.0175205548894
-2507.853580941032
-2506.131665604806
-2507.531271960436
-2507.531271960436
-2507.531271960436
-2507.531271960436
-2507.0448486854434
-2507.952751590212
-2507.952751590212
-2506.0088881442807
-2506.0088881442807
-2506.0088881442807
-2506.0088881442807
-2507.0185127629165
-2507.0002650279334
-2508.9409425847803
-2507.4039929462324
-2504.492103819924
-2504.492103819924
-2504.492103819924
-2504.492103819924
-2504.492103819924
-2504.492103819924
-2504.492103819924
-2504.492103819924
-2504.492103819924
-2504.492103819924
-2504.492103819924
-2504.492103819924
-2504.492103819924
-2502.618781341319
-2502.618781341319
-2502.618781341319
-2502.618781341319
-2502.618781341319
-2503.704359550451
-2503.704359550451
-2503.704359550451
-2503.704359550451
-2503.704359550451
-2503.704359550451
-2503.704359550451
-2503.704359550451
-2504.522669992908
-2503.500484563683
-2503.7913960305036
-2508.0352969515507
-2508.0352969515507
-2505.098416094088
-2505.098416094088
-2505.6717310600066
-2506.5820668102656
-2506.5820668102656
-2504.9525142695134
-2504.9525142695134
-2506.219525319977
-2506.219525319977
-2506.219525319977
-2504.8251603788026
-2503.185518767373
-2503.185518767373
-2503.185518767373
-2503.185518767373
-2503.185518767373
-2503.185518767373
-2503.185518767373
-2503.185518767373
-2503.185518767373
-2503.185518767373
-2504.88349759453
-2506.5910714506226
-2504.1203210641966
-2504.1203210641966
-2503.8802060554885
-2503.8802060554885
-2504.461182524077
-2504.461182524077
-2504.461182524077
-2504.461182524077
-2504.2956995216973
-2504.2956995216973
-2504.2956995216973
-2504.2956995216973
-2504.0340111384685
-2504.0340111384685
-2504.0340111384685
-2505.4894249521412
-2505.4894249521412
-2505.4894249521412
-2505.4894249521412
-2507.0456964563928
