-1473.4110709348708
-1470.8566820878777
-1465.4503369023905
-1463.1732512488989
-1461.6674039740476
-1463.1900120878825
-1461.9039102810964
-1458.5842255908724
-1458.5842255908724
-1459.9450397396372
-1458.4431592904646
-1458.4431592904646
-1459.116393546211
-1459.116393546211
-1458.5930633014007
-1459.317382580678
-1459.317382580678
-1459.4297175073043
-1459.4297175073043
-1458.7124407918666
-1458.7124407918666
-1458.274654558484
-1458.274654558484
-1458.274654558484
-1458.274654558484
-1458.274654558484
-1458.274654558484
-1458.274654558484
-1459.0360661457528
-1459.0360661457528
-1457.6080814100521
-1457.6080814100521
-1459.404422758588
-1457.899886337047
-1457.899886337047
-1457.286882117567
-1460.9042207703237
-1460.9042207703237
-1460.1157720356248
-1460.1157720356248
-1460.1157720356248
-1461.579911589976
-1461.579911589976
-1461.6450781473466
-1461.137006838989
-1459.7467811961642
-1459.5524063178107
-1459.5524063178107
-1459.5524063178107
-1459.5524063178107
-1459.5524063178107
-1458.981261789199
-1462.0895231808747
-1457.831697455626
-1459.9301304401015
-1460.2212697133532
-1461.829909010747
-1461.4059040159336
-1459.867391245059
-1465.130515037578
-1462.4129493872908
-1460.881361711415
-1462.347733761058
-1463.2697072054584
-1464.8250023620728
-1457.2926492149074
-1458.4513902408862
-1458.4994852117538
-1458.4994852117538
-1458.4994852117538
-1458.6708095679237
-1458.20207216015
-1458.20207216015
-1458.756692025281
-1458.756692025281
-1458.756692025281
-1458.7009321635644
-1458.7009321635644
-1458.7009321635644
-1458.7009321635644
-1459.2508402528708
-1459.2508402528708
-1459.294991171877
-1459.454781347863
-1459.454781347863
-1460.1107605064517
-1461.3843000438226
-1461.3843000438226
-1461.3843000438226
-1463.532342378214
-1461.5674265472928
-1459.1656750006234
-1460.7765070755293
-1460.7765070755293
-1458.8374030783202
-1462.6868513246302
-1465.3625338583186
-1462.5805525687729
-1463.4862165324091
-1461.7357912472698
-1463.4417564954106
-1458.7807497951271
-1458.7807497951271
-1458.7807497951271
-1458.7807497951271
-1460.4303555665683
-1461.908921741443
-1461.3889402453406
-1460.7558924809186
-1460.7558924809186
-1460.4405080684592
-1460.4405080684592
-1460.4405080684592
-1460.4405080684592
-1462.4654510942996
-1462.4654510942996
-1461.9346823557182
-1464.1503010112144
-1462.93864879877
-1459.4629437849562
-1459.4629437849562
-1459.4629437849562
-1459.5528207230511
-1459.5528207230511
-1459.5528207230511
-1459.5528207230511
-1458.2140651577538
-1458.2140651577538
-1459.160748945578
-1459.160748945578
-1459.0207445293877
-1460.2095822325014
-1459.1332748951022
-1460.5655980926697
-1460.5655980926697
-1461.7348173605315
-1459.8676713789741
-1460.025359000024
-1459.3520030197346
-1459.3520030197346
-1459.3520030197346
-1459.2623778713632
-1459.2623778713632
-1459.2623778713632
-1460.625579516697
-1460.625579516697
-1460.817492730912
-1459.9298274740895
-1460.0318944474207
-1462.3460720226267
-1457.186063992482
-1457.186063992482
-1457.186063992482
-1457.186063992482
-1457.186063992482
-1457.186063992482
-1457.186063992482
-1461.1621403468507
-1461.1621403468507
-1461.1621403468507
-1461.1621403468507
-1462.7908351939097
-1462.7908351939097
-1459.16331512372
-1458.1490114761614
-1461.0997154969855
-1458.4730439213674
-1461.6670064390428
-1458.4818057241885
-1459.3862890777662
-1457.9531155654693
-1460.061275093522
-1458.0293297860296
-1459.2562841390113
-1461.717963165677
-1459.1414563752091
-1459.1414563752091
-1459.1414563752091
-1459.1414563752091
-1461.9883499982418
-1462.5873797620363
-1462.5873797620363
-1461.2858822496498
-1461.2858822496498
-1465.403291744103
-1460.5715633024952
-1460.1425900319869
-1460.1425900319869
-1461.494269422681
-1456.7692800564164
-1456.7692800564164
-1456.7692800564164
-1459.2644108223878
-1459.2644108223878
-1459.9968040034976
-1460.0842701646325
-1459.4414368105495
-1460.8872576792232
-1461.66326639087
-1461.66326639087
-1459.771123226439
-1460.39059683998
-1461.4276370145703
-1461.4276370145703
-1459.3570759043835
-1459.3570759043835
-1460.144308421043
-1460.144308421043
-1460.5083640079051
-1460.5083640079051
-1461.2900191818076
-1461.2900191818076
-1458.6848040333462
-1458.6848040333462
-1458.6848040333462
-1458.6848040333462
-1458.6848040333462
-1458.6848040333462
-1460.7520541525935
-1457.7788796783857
-1457.7788796783857
-1457.7788796783857
-1457.7788796783857
-1457.7788796783857
-1457.7788796783857
-1457.7788796783857
-1457.7788796783857
-1457.7788796783857
-1457.7788796783857
-1457.7788796783857
-1459.7175655879378
-1460.1985456929624
-1460.1985456929624
-1459.5748201715242
-1459.7155578937763
-1459.2359120879332
-1459.2038403153613
-1457.522462352482
-1457.522462352482
-1461.162878759692
-1459.7215681376454
-1460.798543688054
-1462.9619417400536
-1461.2039596255913
-1461.2787451315878
-1459.5675124881056
-1462.2669775483332
-1460.261409436594
-1459.1732355256802
-1458.7332973141454
-1459.27881474398
-1458.6385228345416
-1464.5255391695591
-1459.244905226549
-1459.4016618515132
-1459.4016618515132
-1459.4016618515132
-1461.5261464015791
-1464.4737631899263
-1461.6608374580007
-1460.8130150160293
-1461.9050832131934
-1460.651966621165
-1464.9902309750478
-1462.8601468098043
-1462.3521235549697
-1462.3521235549697
-1462.3521235549697
-1463.7691900179555
-1460.0720391052764
-1461.8546338537196
-1463.382166087845
-1462.5307968304023
-1460.6103341072123
-1460.8544352111444
-1463.873924192926
-1464.2844904768954
-1464.2844904768954
-1465.1748845374034
-1462.2633966611306
-1459.143030073015
-1458.608343928801
-1459.8877959384981
-1459.8877959384981
-1462.1295889277753
-1462.028422438281
-1462.028422438281
-1461.6706339087482
-1459.8212559702201
-1459.3662610754698
-1458.9159874996822
-1458.9159874996822
-1458.40315367134
-1459.482126857538
-1459.482126857538
-1459.482126857538
-1459.482126857538
-1460.057556256699
-1460.3078877987668
-1460.3078877987668
-1460.5636662811658
-1460.5636662811658
-1458.975016091074
-1463.2947244125373
-1461.7010643154247
-1461.20294501065
-1460.0178272031799
-1458.5177680252143
-1458.6942774175347
-1459.8511088369787
-1459.4196145914052
-1458.4501904604683
-1458.4501904604683
-1458.4501904604683
-1458.4501904604683
-1458.4501904604683
-1458.520753021162
-1458.520753021162
-1458.520753021162
-1458.520753021162
-1458.520753021162
-1458.520753021162
-1458.520753021162
-1458.520753021162
-1458.520753021162
-1458.520753021162
-1461.12256062115
-1461.6967323540482
-1461.401109212992
-1461.120659314811
-1461.120659314811
-1462.1596073007934
-1459.9218387688982
-1462.0691682153022
-1460.2245606643905
-1460.0503481572691
-1458.7436859928714
-1458.7436859928714
-1458.7436859928714
-1458.7436859928714
-1458.7436859928714
-1458.7436859928714
-1458.3053539139178
-1458.3053539139178
-1458.1817590969858
-1459.027080070815
-1459.027080070815
-1459.027080070815
-1459.027080070815
-1458.5362382502408
-1458.5362382502408
-1458.5362382502408
-1459.373167021092
-1458.8285196129293
-1458.3087795115734
-1458.3087795115734
-1459.7501796185109
-1459.7501796185109
-1459.7501796185109
-1459.470000553355
-1460.696063686713
-1459.261826359229
-1457.5287037170876
-1457.5287037170876
-1457.5287037170876
-1458.3317642267693
-1459.9739490244935
-1460.4000829230108
-1461.459471126769
-1461.3102405652533
-1459.2535815068577
-1459.2535815068577
-1460.5479548072215
-1461.7231537792645
-1463.4802916422107
-1464.0426786867697
-1460.2297487471478
-1460.2297487471478
-1459.9665017883892
-1459.9665017883892
-1461.499083070127
-1462.5734317628321
-1463.2865230206412
-1465.553518605729
-1468.3544613174051
-1457.9670401570254
-1457.9670401570254
-1457.9670401570254
-1459.057321622038
-1460.564548583035
-1460.6861152354206
-1460.0545570960708
-1459.7059325778869
-1459.363219214439
-1459.363219214439
-1460.2546348817107
-1461.5635385352307
-1462.19013476838
-1462.19013476838
-1460.6244429294682
-1461.2213679247047
-1463.628440699699
-1462.3251997260859
-1460.2250820680842
-1460.2250820680842
-1458.8357921543263
-1458.8357921543263
-1460.0039472915582
-1460.6262403379594
-1461.8257575076889
-1464.866032637817
-1462.0517215392013
-1461.713408539344
-1461.713408539344
-1461.713408539344
-1461.4684417594017
-1458.1767728269235
-1460.9385369568238
-1460.8127970625608
-1461.0791391271302
-1461.722670759254
-1461.0024745481157
-1462.8066198044512
-1463.4272077112544
-1460.235936346018
-1460.235936346018
-1460.235936346018
-1460.235936346018
-1460.235936346018
-1460.235936346018
-1460.235936346018
-1460.235936346018
-1460.235936346018
-1460.235936346018
-1460.235936346018
-1460.7200272707294
-1462.9082119685572
-1463.4319641790323
-1463.414810141297
-1462.833791827246
-1461.2694862156923
-1460.780210796557
-1460.780210796557
-1463.0636918030743
-1465.1447397614102
-1462.3660719721015
-1463.2866500504754
-1463.2866500504754
-1465.6715132096094
-1464.0357555257347
-1462.5760175854837
-1460.2954678564738
-1460.0882862788083
-1461.177814772394
-1460.312587204946
-1459.3511893157363
-1462.3850028593279
-1462.393396131169
-1460.093522525589
-1458.045142290465
-1458.045142290465
-1458.045142290465
-1461.9421541782613
-1459.1251972033467
-1462.5754071118515
-1464.0911189948047
-1463.5110416226753
-1463.5110416226753
-1466.7955574809223
-1468.547177977881
-1460.8708464374263
-1460.8708464374263
-1462.465138242461
-1461.4201863928338
-1463.9758372517183
-1465.144443643546
-1462.1335142349699
-1461.5800203262224
-1461.6931468315859
-1461.6931468315859
-1463.1050380387444
-1461.6498005098924
-1462.8502511854613
-1462.408751673934
-1460.4838746401517
-1460.4838746401517
-1460.4838746401517
-1462.0735682355585
-1457.995936146288
-1457.995936146288
-1457.995936146288
-1457.995936146288
-1457.995936146288
-1457.995936146288
-1457.995936146288
-1457.995936146288
-1460.9992898561923
-1457.0455604673803
-1457.0455604673803
-1457.7527649030383
-1457.7527649030383
