-1477.7944401184136
-1498.517268137356
-1469.8695114715197
-1466.5846688068852
-1467.5266192846532
-1467.5266192846532
-1466.5096687864946
-1466.5096687864946
-1466.5096687864946
-1466.5096687864946
-1466.5096687864946
-1464.4144357369562
-1464.4144357369562
-1465.264888490149
-1466.3709593723422
-1465.1800871673145
-1465.1800871673145
-1465.1800871673145
-1466.820851059637
-1463.5131204561142
-1463.3176353077922
-1462.750621043446
-1462.5487673663436
-1461.9141923823058
-1461.9141923823058
-1462.1588864398868
-1461.6776328645576
-1460.4226544878902
-1460.4226544878902
-1462.807439500405
-1460.9672885556836
-1459.282645174958
-1459.282645174958
-1458.2650838476447
-1458.2650838476447
-1457.3727880507904
-1457.3727880507904
-1457.3727880507904
-1461.6664146529574
-1464.1622865010759
-1462.4412670088711
-1462.5275893664962
-1458.9084161055164
-1458.9084161055164
-1459.7812768729527
-1460.1670031848344
-1460.1670031848344
-1461.2361314356604
-1459.7092101896758
-1459.0812188847767
-1463.969169621632
-1460.813045723901
-1461.009379180312
-1461.1246009707565
-1464.3052318246373
-1459.4666662707762
-1460.2011142292438
-1460.3942862822678
-1460.3942862822678
-1460.4423753854853
-1462.0127503013912
-1460.3850020461527
-1459.9921860542063
-1463.1545994293667
-1463.1545994293667
-1466.074618327224
-1463.4220197246623
-1462.806757052262
-1462.2943831637642
-1459.7208091370421
-1461.9897163441024
-1460.8052859032139
-1459.7705700482236
-1457.831101516276
-1458.9784089558427
-1458.646491188788
-1459.4848034043962
-1460.6870651641707
-1461.2307283210548
-1461.2307283210548
-1463.312491633987
-1461.4935034097502
-1459.5420295220238
-1459.5420295220238
-1459.5420295220238
-1457.7022536649633
-1457.7022536649633
-1460.816359549389
-1459.1080301801533
-1460.1758572636754
-1459.1931618703813
-1459.0456880347408
-1459.0456880347408
-1461.6574529292084
-1459.4847468741175
-1460.5432755461156
-1459.6135576719578
-1460.199554985943
-1460.199554985943
-1462.1544179942357
-1458.607831063578
-1458.607831063578
-1460.2142891557794
-1461.447772101039
-1464.6561281591528
-1461.2230140164936
-1463.7170189092408
-1463.7170189092408
-1461.899583057183
-1461.872461119127
-1459.115286582996
-1458.0008921446972
-1458.0008921446972
-1459.3750368180306
-1461.0195690561227
-1461.3323472468708
-1461.3323472468708
-1461.3323472468708
-1460.1199031900912
-1462.258309097602
-1461.363111371178
-1461.363111371178
-1461.6392442745093
-1463.8305624671918
-1463.0946080742967
-1460.617566735513
-1459.8663148499563
-1456.7189622704598
-1456.7189622704598
-1456.7189622704598
-1456.7189622704598
-1456.7189622704598
-1456.7189622704598
-1456.7189622704598
-1456.7189622704598
-1456.7189622704598
-1456.7189622704598
-1456.7189622704598
-1460.4535772342529
-1460.1948365537664
-1460.5941047428832
-1460.4903723343407
-1461.2835149519226
-1463.1612956884792
-1463.1612956884792
-1460.5542167529013
-1461.8004473533542
-1461.6120017631433
-1460.5096303020953
-1460.2774164244347
-1458.5956196446057
-1458.5956196446057
-1460.1620179620163
-1460.4347092908024
-1461.5826595626772
-1459.025075910239
-1458.7113382277776
-1460.168098493588
-1460.5004124530842
-1460.5004124530842
-1460.1748226211828
-1458.8788809346522
-1457.6813780563086
-1459.6890782909572
-1459.6890782909572
-1458.4338456807945
-1457.9953063203113
-1459.3071432079405
-1458.0862164160615
-1458.0862164160615
-1459.4770200047649
-1458.2809740043604
-1458.2809740043604
-1457.059801138385
-1457.059801138385
-1457.059801138385
-1457.059801138385
-1458.2536492118638
-1458.1923114804952
-1457.5468563809684
-1457.5468563809684
-1460.2314158161162
-1460.2314158161162
-1459.4757717488637
-1457.9763495973336
-1460.247009539704
-1457.9371896605767
-1458.0862174374045
-1458.0862174374045
-1458.0862174374045
-1458.0862174374045
-1458.0862174374045
-1458.0862174374045
-1458.0862174374045
-1458.0862174374045
-1458.0862174374045
-1458.0862174374045
-1458.8172332844406
-1459.7020710132683
-1460.1557662165949
-1460.71663931909
-1463.4838422116397
-1460.5572682449097
-1459.4220753240766
-1459.4894090925739
-1460.0808251882415
-1459.2528691070147
-1460.8193376773193
-1459.6204551169917
-1459.3151772882034
-1459.3151772882034
-1459.3151772882034
-1461.3557520788454
-1461.4137719303446
-1461.844189545894
-1460.7414903108363
-1460.7414903108363
-1460.7414903108363
-1460.7414903108363
-1460.7414903108363
-1460.7414903108363
-1461.2248046842408
-1461.2248046842408
-1456.8205387276032
-1456.8205387276032
-1456.8205387276032
-1456.8205387276032
-1456.8205387276032
-1456.8205387276032
-1457.6202411794134
-1460.2047421103032
-1459.6422528015312
-1461.337404045011
-1460.1372991205506
-1464.1412656979514
-1460.2987581917823
-1463.1857502942055
-1462.3922991093705
-1460.3076448783286
-1461.5465078291327
-1460.2648123835734
-1460.3315193074343
-1460.5968781156635
-1462.081328398065
-1462.5495399652248
-1462.2657784099686
-1460.288781951647
-1460.288781951647
-1460.288781951647
-1460.288781951647
-1463.5573792934108
-1462.2131649526211
-1464.1162763444192
-1461.5807573107995
-1461.5807573107995
-1461.4730694065288
-1462.7637912112048
-1461.828876579882
-1461.112527665033
-1461.5060967676552
-1462.3975245493548
-1461.0272558203435
-1461.0272558203435
-1463.8313864680188
-1461.3866651635694
-1462.5237810662752
-1460.8345165696583
-1460.1410981405434
-1460.1410981405434
-1460.1410981405434
-1459.1028290257298
-1464.1796631977354
-1464.1796631977354
-1464.1796631977354
-1462.5523327143683
-1463.4495061530706
-1463.5830901519407
-1464.9755908389754
-1464.9755908389754
-1464.9755908389754
-1464.1842679243753
-1464.1842679243753
-1459.5865591543352
-1461.1380418422116
-1464.4664011952027
-1462.1603088294526
-1457.8318333392936
-1457.8318333392936
-1457.8318333392936
-1457.8318333392936
-1457.8318333392936
-1457.8318333392936
-1457.8318333392936
-1457.8318333392936
-1457.8318333392936
-1458.0682897283764
-1459.12923607906
-1460.8412735762777
-1459.7084468867606
-1459.0280134049667
-1459.7212362415034
-1459.983047276354
-1459.2109945241043
-1463.5925274213364
-1460.7982852911268
-1460.5404875183078
-1459.5779231855067
-1458.9108197788473
-1457.5697932501432
-1460.274183914447
-1460.3430954054618
-1460.3430954054618
-1460.3430954054618
-1459.041149908392
-1457.7883460552375
-1459.6488188692028
-1463.4471288834911
-1462.7421579065776
-1462.4941799960604
-1462.9136013181578
-1462.7678234289783
-1460.2037707447748
-1460.2037707447748
-1460.2037707447748
-1460.2037707447748
-1460.2037707447748
-1460.2037707447748
-1460.2037707447748
-1460.2037707447748
-1461.6360002719284
-1462.5420105254723
-1461.0085679027397
-1462.7698597264048
-1460.912707149662
-1458.284649111548
-1460.236995732458
-1460.1482245440104
-1461.1664128359098
-1459.7012785304069
-1459.7012785304069
-1459.7012785304069
-1459.7012785304069
-1460.9275059462148
-1460.0518316356015
-1461.0066695420853
-1459.1854429658301
-1460.6988526347284
-1458.6821422887408
-1463.6591601253685
-1459.9210775565737
-1459.7756479703808
-1463.2022110601708
-1462.6112105870416
-1461.4881338109337
-1461.4881338109337
-1461.4881338109337
-1462.6001305128952
-1460.9564965912123
-1461.136861121782
-1461.4448671018056
-1461.4448671018056
-1461.5171804152817
-1463.8421394764475
-1463.9231996315966
-1463.9231996315966
-1465.8653085013773
-1462.8695276264393
-1462.8695276264393
-1462.8695276264393
-1463.6329641345653
-1465.8580335883298
-1463.2246002120603
-1463.1497477223431
-1463.1497477223431
-1462.7704885888013
-1462.329965522052
-1463.2022040056827
-1459.7653099698675
-1461.028894382969
-1461.028894382969
-1457.198070688933
-1458.7614349435457
-1458.7614349435457
-1458.5661022711747
-1458.5661022711747
-1458.5661022711747
-1457.409502644876
-1460.6891946848564
-1460.1139080972052
-1460.2181404132116
-1461.91837305077
-1458.1410240443129
-1458.1410240443129
-1458.1410240443129
-1458.1410240443129
-1460.4040245281135
-1459.5040927635914
-1459.0801837360043
-1461.9495291465519
-1461.4841457812595
-1462.801391235635
-1459.0671457126343
-1459.0671457126343
-1458.730708169965
-1461.3156748381468
-1458.9343912999348
-1458.9343912999348
-1458.9343912999348
-1458.9343912999348
-1458.9343912999348
-1458.9343912999348
-1458.9343912999348
-1459.2805770938717
-1461.5564406374638
-1461.5564406374638
-1459.5542516822434
-1459.5542516822434
-1462.5247390029929
-1460.6887606154792
-1461.5930334963955
-1461.5930334963955
-1461.5930334963955
-1461.4045294179941
-1461.4045294179941
-1461.4045294179941
-1462.1034434940832
-1462.565275359046
-1463.3844085079756
-1463.3844085079756
-1463.0688352511008
-1461.317476423009
-1460.1746490725106
-1457.9441918012053
-1458.0717445996643
-1458.1951006605725
-1458.1951006605725
-1459.4745175160417
-1462.137897316641
-1459.7444027737208
-1459.7444027737208
-1459.8284643896611
-1459.8284643896611
-1459.8284643896611
-1459.8284643896611
-1459.8284643896611
-1462.036076156201
-1462.036076156201
-1458.9030840360842
-1458.271352663942
-1458.6624248700416
-1457.895104768221
-1457.895104768221
-1457.895104768221
-1459.2840516403803
-1459.0449716476548
-1459.0449716476548
-1459.0449716476548
-1459.0449716476548
-1458.690204294036
-1458.4770826634888
-1458.4770826634888
-1458.4770826634888
-1458.4770826634888
-1458.4770826634888
-1458.4770826634888
-1459.4150756624879
-1459.4150756624879
-1459.4150756624879
-1459.8331165053853
-1459.8331165053853
-1460.541593300152
-1460.6386720022276
-1460.124257571092
-1460.124257571092
-1461.304011480009
-1460.1943559540127
-1460.1943559540127
-1460.984140301342
-1458.5797394388487
-1458.214294517448
-1458.214294517448
-1458.047866423722
-1456.3370220314787
-1456.3370220314787
-1456.3370220314787
-1456.3370220314787
-1456.3370220314787
-1456.3370220314787
-1460.1371920514594
-1456.9273701957547
-1458.309735112458
-1458.309735112458
-1459.762896559809
-1458.9143656020324
-1457.443715776748
-1463.4204744044698
-1463.4204744044698
-1462.0587237380555
-1461.501958646119
-1461.0737227356012
-1460.6312111156249
