-1481.7256035717658
-1481.7256035717658
-1469.7772807572046
-1468.7060095024472
-1465.1224852447997
-1465.4514467615145
-1463.1942669640855
-1464.3400772694115
-1460.4773871680454
-1460.4773871680454
-1464.0482802465128
-1465.495947281531
-1464.247135493477
-1464.247135493477
-1464.247135493477
-1464.247135493477
-1462.493025386542
-1462.493025386542
-1465.363907640095
-1462.248317642796
-1463.6789292733126
-1463.6789292733126
-1463.6789292733126
-1461.3212904174877
-1461.3212904174877
-1463.4397650417857
-1462.1053950415228
-1462.1053950415228
-1462.1053950415228
-1462.0216354733304
-1460.1823802226693
-1460.1823802226693
-1460.1079672575474
-1460.1079672575474
-1460.1079672575474
-1460.8393570914075
-1464.127875265011
-1462.328943041479
-1465.337759683932
-1463.5810912433722
-1460.9310632867127
-1468.6329182121153
-1466.6990289602973
-1460.7282967620547
-1460.7282967620547
-1459.6154592959874
-1459.638655930043
-1457.9714764889402
-1457.9714764889402
-1457.9714764889402
-1457.9714764889402
-1457.9714764889402
-1458.6807165050118
-1458.6807165050118
-1458.6807165050118
-1461.7055112221456
-1460.7132455038345
-1459.6887721978705
-1458.32827199009
-1463.4163803114309
-1462.891955547517
-1462.1355620094866
-1459.2579128803422
-1461.2965780760562
-1460.632771149326
-1460.632771149326
-1461.7016012554443
-1460.237083794065
-1461.564063738463
-1459.236779817025
-1459.236779817025
-1458.2891066717525
-1459.4020971622267
-1460.778146061683
-1460.188340385625
-1461.8338117698424
-1461.9855739044544
-1464.8732224411142
-1460.4490348433314
-1459.1837151147574
-1459.1837151147574
-1459.1837151147574
-1459.1837151147574
-1458.6799266375901
-1457.3297165610197
-1457.3297165610197
-1457.3297165610197
-1457.3297165610197
-1457.3297165610197
-1462.592215777126
-1460.8164868402196
-1460.8164868402196
-1460.9943549749787
-1460.0490808856052
-1463.665062574859
-1459.79462510094
-1459.79462510094
-1459.79462510094
-1459.79462510094
-1459.79462510094
-1459.79462510094
-1459.79462510094
-1462.8599491655928
-1459.3707935640869
-1459.3707935640869
-1460.3633151394056
-1460.3633151394056
-1460.5300493601758
-1461.0433852010945
-1459.6896546015116
-1459.6896546015116
-1459.6896546015116
-1459.6896546015116
-1459.6896546015116
-1459.6896546015116
-1459.6896546015116
-1461.9129650948803
-1462.2795118936035
-1461.8409892919958
-1460.3451413140028
-1461.9050886340556
-1463.5347678546332
-1459.6233813925803
-1460.0661150285123
-1459.031183052843
-1458.1150150313076
-1460.201776245475
-1464.2802389606409
-1461.6004728369803
-1461.6004728369803
-1461.6004728369803
-1461.6004728369803
-1459.4008123265785
-1459.1877951046627
-1460.3631032403694
-1461.1396604449671
-1459.917102691602
-1460.4172717364897
-1461.510295554022
-1460.901449547505
-1463.0320258982472
-1466.8607412618364
-1460.503229674222
-1460.503229674222
-1460.2804308394868
-1460.2804308394868
-1460.2804308394868
-1460.2804308394868
-1459.945434536321
-1459.619316135347
-1459.619316135347
-1459.619316135347
-1462.0016976457712
-1460.016245238305
-1461.3873326589044
-1459.5267551031343
-1460.1286784766828
-1460.1286784766828
-1459.48090841911
-1461.4587165150763
-1460.8968936935003
-1460.3816791883046
-1460.3816791883046
-1460.3816791883046
-1460.3816791883046
-1462.256788099261
-1462.256788099261
-1462.256788099261
-1462.256788099261
-1462.0290777768832
-1463.93966547352
-1463.9747062203405
-1462.1274179278012
-1461.7780206223647
-1460.3112105800546
-1459.9420959474264
-1461.0704826400784
-1458.2799806993478
-1462.159435781706
-1461.0706967578237
-1459.1863109680269
-1459.1863109680269
-1459.1863109680269
-1459.1863109680269
-1461.1991781206304
-1461.1991781206304
-1458.6210890557684
-1458.6210890557684
-1459.1790886689357
-1457.7047869759
-1459.8697832574603
-1459.8697832574603
-1460.5122677621425
-1461.019949107554
-1461.019949107554
-1458.2523205181342
-1458.2523205181342
-1458.7249980918805
-1459.571801712101
-1459.571801712101
-1462.733712625043
-1462.4417902531636
-1461.993607176721
-1461.993607176721
-1463.3412108114637
-1462.2938177378387
-1461.3930659221874
-1459.512050535864
-1459.512050535864
-1459.512050535864
-1459.512050535864
-1461.947038046757
-1461.947038046757
-1459.8549735809906
-1459.8549735809906
-1461.9803698703297
-1461.273649001836
-1460.7895431209406
-1462.1540498975976
-1463.8760062959643
-1460.733391080515
-1462.6162352949204
-1458.5356512403193
-1458.5356512403193
-1461.0072939266074
-1458.2806825839477
-1458.433039445898
-1458.433039445898
-1458.433039445898
-1459.3057092997499
-1458.8552919767894
-1458.8552919767894
-1460.3220686246245
-1457.9744404340622
-1458.766340073906
-1459.5948653621438
-1460.0920392611315
-1460.0920392611315
-1459.9101874373164
-1458.446925666955
-1461.9656350172072
-1459.3889445291893
-1459.3889445291893
-1459.3889445291893
-1459.3889445291893
-1459.3889445291893
-1461.3658621515704
-1461.3658621515704
-1461.3658621515704
-1461.3658621515704
-1459.9092825859836
-1459.2516402762938
-1457.9285601548645
-1457.9285601548645
-1460.0037723256721
-1460.9262412205644
-1460.9262412205644
-1461.6664900416251
-1461.6606053734386
-1461.5007303248522
-1460.3198154046765
-1461.277252924233
-1461.7847786126754
-1461.7847786126754
-1461.7847786126754
-1463.5666338425758
-1462.034572523414
-1462.9658951143888
-1461.6778030958665
-1462.292186514303
-1460.7797774191772
-1460.1215497061546
-1458.7242278194428
-1460.636343598881
-1461.6850373399575
-1461.6850373399575
-1460.0370856584934
-1460.357464684806
-1458.6188892102502
-1458.6188892102502
-1458.6188892102502
-1458.6188892102502
-1458.6188892102502
-1463.072557240965
-1462.4205780176196
-1459.8091189444362
-1460.1801222634397
-1460.5120945365509
-1460.5120945365509
-1459.583415513621
-1459.8735163716751
-1461.627426410332
-1461.627426410332
-1461.4201101906347
-1461.4201101906347
-1462.058283262735
-1462.058283262735
-1462.058283262735
-1462.4134003809975
-1462.4134003809975
-1463.8466611370056
-1459.814383052928
-1459.814383052928
-1459.814383052928
-1459.814383052928
-1459.814383052928
-1461.662994047223
-1462.164747804881
-1457.8271341643301
-1456.8483044898362
-1458.0990643458235
-1458.0990643458235
-1458.280556813845
-1458.327283659876
-1458.327283659876
-1458.327283659876
-1458.327283659876
-1458.327283659876
-1463.2992790391584
-1463.069251631109
-1460.8739488059048
-1460.8739488059048
-1460.8739488059048
-1461.759263500871
-1461.759263500871
-1462.479282748297
-1464.0091943783232
-1464.2883696725578
-1464.2883696725578
-1464.2883696725578
-1463.6714612244452
-1463.533577968089
-1463.8902664366306
-1463.7207154488688
-1465.7725848400787
-1462.8909099268851
-1467.6607426657356
-1463.1317442562374
-1463.9652100358685
-1466.1633880873721
-1462.6413710172749
-1465.403821478369
-1468.9733275600295
-1467.6510008459804
-1463.7095290138996
-1461.7532198123458
-1464.2760574323552
-1464.5395033512134
-1459.5463566281855
-1459.585807313475
-1459.585807313475
-1459.585807313475
-1461.9132821638657
-1461.9132821638657
-1459.7216794015155
-1459.7216794015155
-1459.7216794015155
-1459.7216794015155
-1459.7216794015155
-1459.7216794015155
-1459.7216794015155
-1459.7216794015155
-1459.7216794015155
-1459.7216794015155
-1459.7216794015155
-1459.7216794015155
-1459.7216794015155
-1459.7216794015155
-1459.7216794015155
-1459.7216794015155
-1463.188831992727
-1463.188831992727
-1463.188831992727
-1463.188831992727
-1464.351748992063
-1461.7883936118196
-1460.653434366968
-1460.653434366968
-1463.7692181542457
-1460.2116615957896
-1460.2116615957896
-1460.2116615957896
-1460.2116615957896
-1460.2116615957896
-1461.8930256099493
-1462.2383503168512
-1462.2977822029586
-1462.9121689525539
-1462.2566569036712
-1462.2566569036712
-1462.4932732571779
-1462.6250522905937
-1462.6250522905937
-1462.6250522905937
-1460.6961359115862
-1461.1323085601127
-1461.1323085601127
-1461.1323085601127
-1461.0058473277363
-1459.6131654319815
-1459.9752364175672
-1460.5202073471664
-1461.6659253676394
-1465.3152308836432
-1459.8892674792176
-1460.7571017618477
-1463.4517892656302
-1459.718103351386
-1459.718103351386
-1459.718103351386
-1459.380815327226
-1459.380815327226
-1461.037474884292
-1461.8240741441678
-1462.766772352458
-1462.3656894224791
-1461.3327306767383
-1461.3327306767383
-1461.3327306767383
-1461.2473152866266
-1462.2338137281295
-1458.1679880358197
-1459.3270554785613
-1461.8097800485552
-1463.5739895058907
-1465.4182966852175
-1466.1443798663695
-1465.311161369427
-1463.995766345748
-1463.4010235126334
-1461.2175618641375
-1463.1289813546707
-1463.026509609479
-1463.2317809299175
-1462.3794726886445
-1462.182412109118
-1462.182412109118
-1462.876700111737
-1463.5534302839394
-1461.23203020051
-1461.23203020051
-1461.23203020051
-1461.23203020051
-1461.0232872476608
-1461.0232872476608
-1462.0668019378086
-1460.081190538649
-1462.11759637681
-1458.9756732543005
-1461.5458122743848
-1461.5458122743848
-1461.5458122743848
-1461.557802712939
-1465.4589281739966
-1465.1299182303942
-1462.2999388312883
-1459.616421668619
-1463.0879210174205
-1462.7343527232215
-1461.5327461811557
-1462.5891288131156
-1461.33502643071
-1459.6736722772632
-1462.7573897477073
-1465.4806223851765
-1462.0076463834368
-1461.011930047489
-1459.312863327202
-1462.4567648977168
-1463.3197988519946
-1463.093593041802
-1460.5960448641451
-1460.5960448641451
-1462.2041462921154
-1461.0709567847155
-1464.313714929627
-1458.716628211132
-1458.716628211132
-1457.8385008762114
-1457.8385008762114
-1458.2588023528783
-1459.9954666570477
-1459.9612004982655
-1461.4623962473127
-1459.679054813066
-1460.4062658630712
-1459.4080657854058
-1458.8610426672453
-1460.3664395613162
-1460.0146530981858
-1460.0146530981858
-1458.6940441609127
-1458.2986307926963
-1457.9037875413756
-1457.9037875413756
-1457.9037875413756
-1457.9037875413756
-1457.9037875413756
-1457.9037875413756
-1457.9037875413756
-1457.9037875413756
