-1493.9387983274448
-1509.0395175826504
-1483.8069422723213
-1469.358592446547
-1464.088060221534
-1462.8706990092937
-1461.170473267451
-1464.515075515068
-1460.049951155161
-1460.049951155161
-1458.4176995711096
-1459.8909275438093
-1459.8909275438093
-1459.8909275438093
-1458.7949087417348
-1458.36848700287
-1458.0504659042838
-1462.8583661324974
-1462.4127797777078
-1459.3290737143882
-1459.3290737143882
-1459.360882150961
-1458.7109607790187
-1459.787801858378
-1459.8832115002883
-1459.8832115002883
-1460.0675420040827
-1460.0675420040827
-1460.0675420040827
-1459.1057886478086
-1459.1057886478086
-1459.1057886478086
-1459.676227096474
-1460.260800661226
-1460.0715682869788
-1461.192127825682
-1459.4001205206466
-1459.4001205206466
-1459.6419259090537
-1460.70966831031
-1462.0244756421218
-1463.1572851583996
-1465.4939376402772
-1461.791559892996
-1461.3539470225699
-1461.3539470225699
-1459.531334567509
-1459.531334567509
-1459.531334567509
-1460.5790064859261
-1464.7216431118622
-1463.0877312184518
-1462.783043269564
-1462.783043269564
-1463.3350553502773
-1463.3350553502773
-1463.7582471056278
-1462.9198268258588
-1462.9198268258588
-1463.6807579876513
-1464.5088279267504
-1464.5088279267504
-1462.8705534814399
-1461.9059875138112
-1464.1061742631398
-1460.1247021043034
-1460.902019029102
-1460.9256322487834
-1459.4817131651835
-1460.0034371447582
-1460.0034371447582
-1460.0034371447582
-1459.3722248733595
-1459.3722248733595
-1457.077997630173
-1457.077997630173
-1455.8414692321112
-1455.8414692321112
-1455.8414692321112
-1455.8414692321112
-1455.8414692321112
-1455.8414692321112
-1455.8414692321112
-1455.8414692321112
-1455.8414692321112
-1455.8414692321112
-1455.8414692321112
-1455.8414692321112
-1455.8414692321112
-1455.8414692321112
-1455.8414692321112
-1455.8414692321112
-1455.8414692321112
-1455.8414692321112
-1455.8414692321112
-1455.8414692321112
-1458.0428879604153
-1458.0428879604153
-1458.0428879604153
-1458.2270919071798
-1458.2270919071798
-1458.2270919071798
-1458.2270919071798
-1458.2270919071798
-1459.119802329687
-1460.2170395806272
-1459.6756937069085
-1459.6756937069085
-1458.540799051286
-1458.919604065705
-1460.9148362035178
-1460.9148362035178
-1460.9148362035178
-1464.4835460721872
-1464.9858417915668
-1460.8911523668323
-1459.196530788728
-1458.0170984496197
-1458.0170984496197
-1458.0170984496197
-1458.0170984496197
-1460.1427133561976
-1460.9747392921756
-1459.9245719182081
-1459.7658294562682
-1459.7658294562682
-1459.7658294562682
-1460.637824443057
-1459.4057125535526
-1459.4057125535526
-1459.2462044709764
-1459.2462044709764
-1459.2462044709764
-1457.5300625833565
-1457.5300625833565
-1459.1532796172996
-1457.8130031503604
-1457.8130031503604
-1457.8130031503604
-1457.8130031503604
-1457.8130031503604
-1457.8130031503604
-1459.7841586183245
-1460.2087591383051
-1460.2087591383051
-1460.2087591383051
-1460.2087591383051
-1460.1682788346066
-1459.1248837903292
-1459.7100463567908
-1460.2080688520089
-1460.9525305955658
-1464.6067730546292
-1462.7467947183225
-1464.747102169741
-1460.810010825111
-1458.7480795942547
-1462.2413662183837
-1462.2413662183837
-1460.8198044507897
-1460.1455676560063
-1459.6904693774761
-1458.7461891909697
-1458.7461891909697
-1458.7461891909697
-1459.643854522077
-1458.0409900481804
-1459.0316929251624
-1460.91606733913
-1461.3551152763698
-1461.008986988405
-1461.4755783589299
-1460.0964141065554
-1460.0964141065554
-1460.0964141065554
-1460.8090922094655
-1460.8090922094655
-1460.8090922094655
-1458.968382728896
-1458.968382728896
-1458.968382728896
-1458.968382728896
-1458.968382728896
-1458.968382728896
-1458.968382728896
-1458.968382728896
-1458.968382728896
-1458.4180368693826
-1457.5109733523507
-1457.5109733523507
-1457.5109733523507
-1459.1187218143273
-1458.4300790258162
-1458.4300790258162
-1461.3174698674773
-1461.3174698674773
-1461.5144345257236
-1461.5369005560349
-1460.787874814759
-1462.5289989073226
-1462.5289989073226
-1463.134442729258
-1463.134442729258
-1463.0494453191175
-1463.0759087993472
-1459.8174380161665
-1459.8174380161665
-1461.8417652261246
-1463.52025625477
-1460.603333420407
-1462.1013592161535
-1461.6255127712834
-1460.1911135130442
-1460.5768014553105
-1461.2143643961285
-1461.2143643961285
-1462.3646996355833
-1462.1834571756426
-1462.4600659633418
-1464.0235662538214
-1461.0791163416745
-1461.7097047134491
-1457.8930579675578
-1457.8930579675578
-1463.796673189802
-1462.035376202561
-1462.8451408340231
-1456.599775039997
-1456.599775039997
-1456.599775039997
-1456.599775039997
-1458.5521397029988
-1460.0467563788254
-1460.0467563788254
-1460.0467563788254
-1459.490196108791
-1459.490196108791
-1461.063920244413
-1461.063920244413
-1458.9220139570484
-1458.9220139570484
-1458.4666119706505
-1459.9596367295871
-1459.9596367295871
-1459.9596367295871
-1459.9596367295871
-1462.2552544309544
-1462.7203013588514
-1461.9217377728557
-1461.0673783584525
-1460.846609637226
-1461.8790698142932
-1460.5731339344343
-1462.5368472547011
-1461.6792930181714
-1460.583633670301
-1460.583633670301
-1460.3459093088325
-1459.0469242431643
-1459.101185410315
-1459.101185410315
-1460.5407370239138
-1459.9931503596522
-1459.784355256385
-1459.8927175306428
-1465.2949615018642
-1458.980303431069
-1458.980303431069
-1458.980303431069
-1458.3865917399887
-1458.3865917399887
-1461.6441240047066
-1463.9489660847826
-1461.3911660531487
-1458.4664453270525
-1458.4664453270525
-1459.647590821798
-1461.805870420971
-1461.2315306387916
-1462.620173665378
-1462.620173665378
-1462.620173665378
-1460.51663770931
-1460.51663770931
-1460.51663770931
-1460.3432696588018
-1459.7217330168287
-1460.6153298483457
-1458.0246806036403
-1458.0246806036403
-1458.0246806036403
-1458.0246806036403
-1458.0246806036403
-1458.0246806036403
-1460.220678444066
-1464.3812582949413
-1464.6796754545887
-1465.5072167849248
-1462.5583051486913
-1461.646620730089
-1461.646620730089
-1462.3203066716583
-1462.3203066716583
-1463.4507898893778
-1460.4552701058715
-1460.929606317679
-1461.5490474739606
-1460.1047961636357
-1459.650370251364
-1459.6783218377097
-1462.5581951000172
-1457.4015981118014
-1457.4015981118014
-1457.4015981118014
-1457.4015981118014
-1457.4015981118014
-1457.4015981118014
-1462.6749689292099
-1459.1798925588216
-1464.2467335602612
-1463.8151452009083
-1460.1126083489771
-1458.7166155625248
-1460.454351396037
-1459.3856799722466
-1458.9552116692867
-1459.5742418130574
-1457.145016260938
-1459.5827677233103
-1459.5827677233103
-1460.4107293702593
-1459.4745617226024
-1459.4745617226024
-1459.9896960501228
-1459.9896960501228
-1462.248557518717
-1458.6462482437364
-1458.163293995992
-1458.163293995992
-1458.2300673699242
-1458.2300673699242
-1458.2300673699242
-1458.2300673699242
-1458.2300673699242
-1459.0068369493254
-1457.0614943349788
-1457.0614943349788
-1457.0614943349788
-1457.0614943349788
-1460.3434425060254
-1460.3434425060254
-1458.7114556286356
-1459.4471237695448
-1459.1740784031774
-1459.1740784031774
-1459.1740784031774
-1459.1740784031774
-1459.1740784031774
-1459.1740784031774
-1459.1740784031774
-1459.1740784031774
-1459.1740784031774
-1458.2800781137325
-1456.9448945574838
-1456.9448945574838
-1456.9448945574838
-1456.9448945574838
-1456.9448945574838
-1458.756818992263
-1459.7271358938262
-1459.7271358938262
-1460.54809646048
-1460.54809646048
-1460.54809646048
-1460.54809646048
-1461.4140720660082
-1460.4782565802943
-1460.4782565802943
-1460.2626580446422
-1460.2626580446422
-1460.2626580446422
-1459.8359925703453
-1459.8359925703453
-1461.226055706947
-1464.484950064463
-1461.0978745472305
-1461.0978745472305
-1459.5096949274373
-1463.8041556819146
-1461.9624199332657
-1461.9624199332657
-1462.0454619010445
-1462.0454619010445
-1462.0454619010445
-1462.6849600670066
-1462.0148416340162
-1462.0148416340162
-1462.3024609233457
-1462.0394865217093
-1462.0394865217093
-1464.696528690283
-1460.2121182677215
-1459.7352838650843
-1459.7352838650843
-1459.812688497034
-1458.9225703737186
-1462.753878002753
-1463.1502160542013
-1462.7173432957698
-1462.7173432957698
-1465.9411868151208
-1458.9171081950044
-1462.2499456520297
-1459.6868395326635
-1460.5541343521056
-1459.9934095600183
-1459.9934095600183
-1460.4472733005555
-1460.321291246815
-1460.321291246815
-1458.5529400129226
-1459.5730221415024
-1462.5176882930323
-1461.2028702021848
-1459.5545411723933
-1459.5545411723933
-1457.5807236361807
-1457.5807236361807
-1457.5807236361807
-1457.5807236361807
-1457.5807236361807
-1461.8441234237857
-1459.4891824982856
-1460.944802596104
-1459.9557401064358
-1459.9557401064358
-1459.6222995601286
-1460.0845706601056
-1458.3578603353392
-1458.2696288086836
-1460.196947312596
-1462.1760504532303
-1460.6615949631566
-1461.7987326798295
-1459.946305422321
-1459.946305422321
-1459.2078143858907
-1460.3046728265276
-1462.655405897322
-1464.1273566137136
-1460.9212213517421
-1459.5837303158762
-1459.6200941833122
-1459.6346479931717
-1459.6117182037042
-1459.044078635509
-1459.9757769083517
-1459.975311441388
-1459.975311441388
-1459.6571780585382
-1458.3204735729291
-1460.8439688980059
-1459.403456887977
-1457.9750485788982
-1459.6016135782038
-1460.8552186219783
-1460.2286924445223
-1460.2286924445223
-1460.2286924445223
-1460.6933289728345
-1460.6933289728345
-1460.6933289728345
-1458.696773861595
-1459.152840424698
-1460.630915380157
-1459.3794756091631
-1459.3794756091631
-1462.5118113405156
-1459.2755196332487
-1459.2755196332487
-1459.2755196332487
-1459.2755196332487
-1459.2755196332487
-1459.2755196332487
-1460.221034183392
-1460.221034183392
-1460.221034183392
-1460.9471059898776
-1459.4225316764653
-1459.1286426161537
-1459.1652375914084
-1459.1652375914084
-1459.1652375914084
-1459.1652375914084
-1458.8429353215229
-1458.8429353215229
-1458.8429353215229
-1460.5545166173017
-1460.559980173677
-1456.8489811803602
-1456.8489811803602
