-1186.2012670831546
-1186.2012670831546
-80.6871171828468
-77.8975032336595
-77.8975032336595
-77.8975032336595
-77.8975032336595
-77.8975032336595
-77.8975032336595
-77.8975032336595
-77.24118161630898
-77.24118161630898
-77.24118161630898
-77.24118161630898
-77.24118161630898
-77.24118161630898
-77.24118161630898
-77.24118161630898
-77.24118161630898
-77.24118161630898
-77.99145596173142
-77.99145596173142
-77.99145596173142
-77.99145596173142
-77.99145596173142
-77.99145596173142
-80.57456299285501
-79.55970118584028
-79.55970118584028
-77.00312675520895
-77.00312675520895
-77.00312675520895
-77.00312675520895
-77.00312675520895
-78.80401701021417
-78.80401701021417
-78.80401701021417
-78.80401701021417
-78.80401701021417
-78.80401701021417
-78.80401701021417
-79.69713724026481
-80.0793241180478
-80.0793241180478
-80.0793241180478
-80.0793241180478
-80.0793241180478
-81.20220889263265
-81.20220889263265
-81.20220889263265
-81.20220889263265
-81.20220889263265
-80.91772990310555
-81.62490356832647
-80.22967345141416
-80.22967345141416
-80.22967345141416
-78.22281004194177
-78.22281004194177
-78.43234901335796
-78.43234901335796
-78.43234901335796
-78.43234901335796
-78.43234901335796
-78.43234901335796
-78.43234901335796
-82.38155230947669
-82.38155230947669
-81.03844745311228
-80.8443047244347
-81.06446762461414
-81.06446762461414
-81.06446762461414
-80.12199592042336
-80.12199592042336
-80.66424655152485
-80.23103620037234
-79.37772224417265
-79.37772224417265
-79.37772224417265
-79.37772224417265
-79.37772224417265
-79.54411000914126
-79.54411000914126
-79.54411000914126
-79.74234122811383
-79.74234122811383
-79.74234122811383
-79.74234122811383
-79.74234122811383
-79.74234122811383
-79.74234122811383
-79.74234122811383
-80.98752259678942
-78.67417350977314
-78.67417350977314
-78.67417350977314
-78.67417350977314
-78.67417350977314
-78.67417350977314
-78.67417350977314
-78.67417350977314
-78.67417350977314
-78.67417350977314
-78.67417350977314
-78.67417350977314
-78.67417350977314
-80.38892630780835
-79.11065316774597
-79.11065316774597
-81.05211995571551
-81.05211995571551
-82.0804544000462
-82.0804544000462
-82.0804544000462
-82.76164030695129
-81.85554237929645
-78.87811522502885
-80.54759563476875
-80.75343194634524
-79.33153736684145
-78.93110160732806
-79.78015092351208
-79.78015092351208
-79.3287204865417
-79.3287204865417
-80.33035439528554
-80.33035439528554
-80.13422924100722
-80.13422924100722
-80.13422924100722
-82.25541079007196
-82.03767100635213
-80.51661763607449
-80.51661763607449
-79.13244059209138
-79.13244059209138
-79.38297418368546
-79.38297418368546
-81.3902878616362
-80.1987580344573
-79.7550396343844
-81.63307502396923
-81.63307502396923
-80.75256957301465
-80.75256957301465
-77.93238521739038
-77.93238521739038
-79.07252149230462
-79.07252149230462
-78.51623665966615
-78.51623665966615
-78.51623665966615
-78.51623665966615
-78.51623665966615
-79.92420346338781
-78.1817222257601
-78.1817222257601
-78.1817222257601
-78.1817222257601
-78.1817222257601
-78.1817222257601
-78.1817222257601
-77.70092847654037
-77.70092847654037
-77.70092847654037
-77.70092847654037
-77.70092847654037
-77.15269085280724
-77.15269085280724
-77.15269085280724
-77.15269085280724
-77.15269085280724
-77.15269085280724
-77.15269085280724
-77.15269085280724
-77.15269085280724
-79.41780014835213
-79.41780014835213
-79.41780014835213
-78.07610893416896
-79.32746492234271
-79.20224240462078
-79.28954255496663
-79.28954255496663
-76.92696605896163
-76.92696605896163
-76.92696605896163
-76.92696605896163
-76.92696605896163
-76.92696605896163
-76.92696605896163
-76.92696605896163
-76.92696605896163
-78.1706177846183
-78.1706177846183
-78.1706177846183
-78.1706177846183
-77.50040245527141
-77.50040245527141
-77.50040245527141
