-85.13441152916435
-85.13441152916435
-84.34430643674952
-85.36013549629055
-82.8490246859679
-83.03979142840731
-81.79895535093196
-81.96505317448461
-81.3622075096996
-82.860654293058
-83.3504693583687
-82.03230457999642
-81.321721268129
-80.67071745382911
-80.25321899506396
-83.53567642262745
-81.7360737527605
-80.29001053891267
-80.05764814126915
-81.57621671770197
-80.28307533491741
-81.5945854258809
-81.20526698158574
-83.03949201018831
-79.95486907026081
-80.97558919878449
-79.37118083701671
-79.49951631541622
-79.62557169161478
-80.25379399481645
-79.55824514582095
-78.86724123857663
-78.9986674439379
-78.86153699936597
-81.47269359924148
-80.00577618923506
-80.1101349894998
-78.43251752945338
-77.84859812892827
-78.40912601322727
-78.63969756908752
-78.28551453409854
-79.68007177923565
-78.29748051555106
-79.10768964775122
-79.02482665969092
-79.39071514765652
-79.70422647461345
-79.5520709793688
-79.90355287264613
-78.48116512881508
-80.47129251921037
-78.63557997889959
-79.04954532494259
-79.9599112232802
-78.46745260505834
-78.94348142461546
-78.62933246148003
-77.98911833306224
-78.46813919687567
-79.56329747772217
-79.1529263740434
-79.14150198061542
-78.9939246616942
-79.89690909373168
-78.62347200820642
-79.3403204511011
-80.46672649178522
-79.38706065370555
-79.5188411640319
-79.66931399469144
-79.71242975118463
-80.88187430318185
-81.03621141442652
-80.87048115244563
-80.79306608227131
-81.60389890725253
-80.89705742637793
-82.32373226747586
-82.52430399673531
-82.74632530933225
-81.52539519958928
-80.8747898519305
-80.78293720049759
-81.60995397467322
-82.26087526706094
-80.46808882504244
-80.0465834028444
-80.74122755445748
-80.20916975636017
-81.53420921455879
-80.33143627136367
-80.18529562135464
-79.259628501783
-81.35918072858337
-80.46483277177265
-80.25000020947914
-80.78557223209943
-80.0022973202135
-79.77284605940108
-80.09125014137094
-79.82213306310983
-79.37849315134001
-79.4803559999528
-80.08804998548173
-78.72046028362125
-79.26508209937923
-79.41394801769613
-79.69573364814296
-80.57452420104246
-79.3183313325523
-79.99127463995224
-79.2077286061067
-80.48851704539423
-79.23330026876656
-80.1914340413739
-79.07471633875866
-78.75178851208999
-79.14985775897198
-78.97415312107996
-79.11920662672914
-79.924843397183
-80.79156294222996
-79.13779965806697
-79.6532421428386
-79.78163278502741
-80.74376668113311
-80.25182548344841
-79.39497623924701
-81.63059396679547
-79.75863996333801
-80.73505490323664
-81.36453104833949
-81.73451400012502
-81.83920913185608
-81.68342507791209
-79.91519413183185
-79.72053495377791
-81.78062201581207
-79.81047331626661
-81.71739820795372
-80.52134218239301
-79.75553225114265
-80.54352919837565
-78.99992593003283
-79.98854882082875
-78.60950207808206
-79.15314431189762
-79.03214916692387
-78.31785542719406
-78.98515991164562
-78.89815142987925
-77.96225627994438
-78.73201292967094
-80.44528411319948
-79.25403973505287
-78.45512540318934
-78.0170697605337
-78.78153214832082
-80.4200420875864
-78.3360015065974
-78.32546002217894
-78.94401715127792
-77.80362275238666
-77.80362275238666
-78.6735083925225
-78.90602653738067
-78.11290570995641
-77.75109776757925
-77.75109776757925
-77.89218107351547
-79.47789622783296
-78.46962123686353
-77.78383673514188
-77.77614383112352
-78.33864501776097
-78.9413922262648
-77.67121889131612
-78.32391644462346
-76.22441339504614
-78.01225481890589
-79.1680292700404
-78.08237874168483
-78.69403023324729
-77.67718571296787
-78.50063859519004
-77.28008727624194
-78.82398734641698
-78.15999762809722
-77.89503537190987
-77.5069987816308
-77.65397210568558
-78.30784125915038
-79.11165523467018
-77.19749648960236
-78.21333608837345
-77.46983828945966
-77.6728982340083
-78.01500890239102
-77.00427327863984
-76.67357644610173
