-82.24241542460294
-84.89447062773846
-80.31660720358462
-83.01233151227856
-82.73644820085329
-80.99956978704914
-79.41998841612197
-79.41998841612197
-79.41998841612197
-79.41998841612197
-79.41998841612197
-78.59465633748393
-78.59465633748393
-80.46995314410954
-80.47762921503218
-80.47762921503218
-80.79841423220142
-79.71607828466932
-79.71607828466932
-79.31169091391764
-79.31169091391764
-79.31169091391764
-79.31169091391764
-81.76098092495722
-81.33377163327005
-80.07765827286256
-80.54956224800924
-80.54956224800924
-83.29711795799064
-82.2353353313676
-80.97296652742416
-79.90581429355349
-78.5139946598609
-79.58357582501559
-80.99207321119108
-79.11158044332576
-80.00448276980019
-80.00448276980019
-80.08488906261753
-80.3682016618137
-78.61336373541596
-78.61336373541596
-78.61336373541596
-78.61336373541596
-78.61336373541596
-78.61336373541596
-78.61336373541596
-80.56161715192556
-79.62340130885964
-79.557908985754
-80.25910210702808
-79.61590409312863
-78.52591455897081
-77.87583931220878
-76.88201180348281
-76.88201180348281
-76.88201180348281
-78.33386037074976
-78.73622380420423
-78.73622380420423
-78.82908992009445
-79.06026761656568
-77.68586480285343
-78.29649264895956
-76.84042909274888
-77.24275249412388
-77.08201087252752
-77.17819461307323
-76.51153681588637
-77.45119213604688
-77.02359178093555
-75.79740076768059
-76.60272122448266
-76.38546528092945
-77.68448395904676
-75.81584454693864
-74.45967030562592
-74.45967030562592
-76.74227675840775
-77.4747139529709
-76.30122485553788
-75.84816316981026
-77.01615228801505
-76.8262445769877
-77.69417273041336
-76.42258625880618
-75.33501878474996
-76.22619955147174
-76.06447313434467
-75.7049963412414
-76.05727976517228
-74.11674930204214
-75.79927826581236
-74.9240589010753
-75.83541894818723
-74.91988601101033
-76.07921501767765
-75.42156490512517
-75.62851030389356
-75.33421392410816
-77.94846245694863
-76.37035827654833
-75.9783850651002
-76.53393879775855
-75.55003732096972
-76.56423491020375
-77.0864731049007
-77.01763389719919
-75.02727649657913
-75.01873422311198
-76.48484515045716
-74.9711115844629
-76.09636926861849
-74.96488290480988
-76.45372761328166
-75.40334673718395
-76.0754612130015
-75.40775616615875
-76.83358199660783
-74.78203884380285
-77.40041858259234
-75.04038204986453
-74.44955818523148
-75.2749839773908
-76.29328528064053
-76.32065525577086
-74.65549549220783
-75.17446068010406
-75.99135279576325
-75.58857907558578
-75.43880488196253
-74.91330450103847
-75.7010804701734
-73.35815110032597
-73.35815110032597
-73.35815110032597
-73.48598804548271
-73.48598804548271
-73.82164604676133
-74.58966717477749
-75.35914628127506
-73.79915921918466
-75.5334863893365
-74.85971038127586
-74.29305792795799
-74.93189052185431
-75.62702573934692
-76.19513504107125
-74.24014640659924
-75.72820261291291
-74.2916526807897
-75.21215786670822
-74.46549104182435
-74.68836032630072
-74.25747107535115
-74.53557606725771
-74.68392051614815
-74.53858076052751
-75.02947129632545
-74.37594476401802
-74.86613911792332
-74.68677939757885
-74.6936592208711
-74.37855815039082
-74.6438162984689
-75.87433685113157
-75.29321640849827
-74.8664328052679
-75.4407215123343
-76.05401972056487
-74.76927338818868
-74.21343160257874
-74.65665117898213
-76.52942495301401
-76.17261040356117
-76.16164219738693
-74.6815991454179
-76.13289176813404
-75.46676957944288
-76.2482882387662
-76.34888047242147
-77.62009402978047
-75.85112624758094
-76.58225428671578
-75.532172424114
-74.94529218486872
-76.14727359908672
-75.98039196623505
-76.31612113971059
-75.95621945918201
-75.94999653064188
-74.73708991554777
-74.70607185851995
-74.70607185851995
-74.47686943608429
-75.58653512208193
-73.97872355597124
-74.9208298756832
-74.7995622908366
-75.88094565932676
-75.25561658969093
