-82.88256567666234
-83.7857417834216
-80.55838093195204
-80.7305920717678
-79.62147957266428
-77.99902826980599
-80.31959710993863
-80.11730936770552
-81.91710425797967
-80.28221678099231
-81.07508902967984
-82.39455526050565
-81.20256576519188
-81.94773367628383
-80.75867769598644
-80.50071577011002
-79.77561509357298
-79.86421441706553
-80.46846218923267
-77.40038927120052
-77.40038927120052
-78.54083949860802
-79.9911656709258
-78.2408712502045
-78.09055075287257
-77.28840963751406
-78.95018963622891
-78.1664366125847
-79.1626043261263
-77.87241267094792
-77.66030554154001
-76.77387099999832
-78.67722448792985
-77.6450877700108
-78.3929549169205
-78.02984595838747
-77.26141320312122
-77.919156013182
-78.06100435073056
-76.8089710023687
-77.99207828818552
-77.2026870115573
-79.31025031989535
-78.30002366906453
-78.37104037039853
-79.42889307577914
-79.275120801289
-79.22643566465716
-77.51973559024204
-80.05586230274292
-78.45420057290073
-78.84805565094697
-77.78989566124558
-80.1747520801486
-78.36167401744027
-77.97587087972818
-78.36814635927956
-76.70764726211458
-76.8891494190756
-77.02727712990679
-77.53201624644109
-77.28982805311429
-77.35328154111839
-76.63572337855227
-77.07500798288568
-77.45975478052654
-76.17394309657456
-77.94576180653328
-76.24547801042034
-78.37690074348683
-76.66878962223217
-77.2231832540313
-78.18033500949517
-78.92343909865797
-77.6692808444358
-77.28566810645512
-78.49235945852395
-78.16698439689385
-77.84044162484707
-78.31417011160764
-78.25518978470834
-79.38916385197106
-78.15413979022607
-77.83585015540979
-77.67882122085551
-77.0268170858706
-78.24206834500843
-76.91644217980885
-77.46831963750165
-79.57692314579263
-79.49969370031069
-77.68481284149603
-78.51225040689354
-79.05135960688729
-79.17106191310398
-78.72174221546851
-78.53649546174941
-79.01322766522736
-78.4423504718317
-78.66958780657158
-78.29209200251724
-78.39468265458959
-79.67834144393011
-80.44803270560482
-79.74306464772124
-79.13653648538528
-79.13653648538528
-79.08090090938576
-78.87911690341714
-79.01010914136577
-78.0806895591857
-79.77443920893938
-80.02467348316792
-80.42496518632215
-77.69127588134106
-78.98837788214058
-78.02577691395102
-77.88736599938143
-76.815045606921
-78.74333329845895
-77.15850489395369
-77.75643931008486
-77.01495596631347
-76.75534621507471
-77.29464738461486
-78.57953649769438
-77.37723016650702
-76.80821576517347
-78.57424849757102
-77.00958055124673
-79.02809483839538
-77.81621109746175
-78.08337299184477
-77.97277138327624
-77.6138864288066
-75.93300734465159
-76.90148966019962
-76.61320926447762
-77.5550244613872
-76.79313891683269
-77.64005108164046
-76.61206404810582
-76.46106300677322
-75.68977053847647
-75.94866781169902
-76.59747323846462
-76.7906439197508
-75.61981271228649
-75.70622160342319
-78.73320276265807
-77.72688338780647
-76.88138168985311
-75.3587299914875
-76.53074635678558
-76.8880302718705
-75.99812799710045
-76.97391935730681
-77.8180399792768
-76.70615499863584
-76.02422875582462
-76.55210906871436
-76.77261142900525
-76.71460535726328
-77.84927178190264
-76.23242909695071
-78.28456847667734
-76.23531822798121
-75.36984013434001
-76.44578974968411
-77.53851040362899
-75.93272643325179
-76.69059321659182
-78.19419802337451
-78.1746743366861
-76.798946327412
-78.01579717608593
-77.23689641900137
-75.98093678523294
-77.12993830877636
-75.56936216237662
-77.0367336248955
-76.64698195846886
-77.70496380069541
-76.34754547761555
-76.71619321878427
-76.0621202288476
-76.56499958646583
-75.92193167322165
-76.07483908398576
-77.14456427143308
-76.1774689753201
-78.50592285818328
-77.16124590949012
-77.37162788899207
-76.15915364692816
-76.97861551575483
-76.37543010880773
-76.07206819238141
-74.9641846596641
-75.61237591190496
-75.88141101948374
