1
1
1
1.211226
1.256636
1.404073
1.664633
1.528507
1.492067
1.669267
1.694305
1.804444
1.81707
1.869988
2.155058
2.178194
2.155328
1.988975
1.851281
2.217343
2.286652
2.001654
2.06354
2.031971
1.968287
1.987707
1.953298
1.880109
1.780229
1.723547
1.60649
1.519321
1.479554
1.347539
1.231101
1.139875
1.024932
0.9295293
0.8669464
0.764415
0.7047991
0.6630261
0.5971739
0.6093643
0.5790077
0.5128071
0.4759994
0.4417985
0.4437942
0.4386071
0.3744658
0.3151992
0.3260578
0.3421341
0.3818137
0.4083128
0.3558276
0.3374541
0.3221583
0.3272148
0.3715674
0.3441573
0.415833
0.4599419
0.480737
0.4663928
0.4009882
0.4820642
0.4691211
0.4087682
0.3998267
0.3306613
0.3834048
0.3874456
0.3806583
0.5032108
0.6422101
0.6412474
0.5026854
0.4392384
0.2011918
0
0.3949422
0.3949422
0.2715878
0.6994814
0.7447939
0.5007925
0.3936401
0.2097478
0
0
0.3739828
0.3739828
0.4628572
0.9444848
0.4816276
0.5936561
0.5936561
0
0
0
0.9435059
0.9435059
0
0
1.213931
1.213931
0
0
0
0
0
0
