-1455.7650832936365
-1423.202406153666
-1392.7888803970618
-1366.3556438882001
-1359.3043293214873
-1367.295643692331
-1367.295643692331
-1353.2917563529652
-1353.2917563529652
-1344.3660310824257
-1344.3031150846625
-1344.3031150846625
-1344.3031150846625
-1344.3031150846625
-1344.3031150846625
-1344.3031150846625
-1333.5978251437705
-1333.5978251437705
-1327.6073780229078
-1327.6073780229078
-1327.6073780229078
-1329.072217186705
-1319.9728875745639
-1319.9728875745639
-1319.9728875745639
-1319.9728875745639
-1319.9728875745639
-1319.9728875745639
-1319.9728875745639
-1319.9728875745639
-1324.262311803657
-1326.0903831984194
-1326.0903831984194
-1323.5926728162754
-1323.5926728162754
-1323.5926728162754
-1323.5926728162754
-1320.2799057411482
-1320.2799057411482
-1320.2799057411482
-1320.2799057411482
-1320.2799057411482
-1320.2799057411482
-1320.2799057411482
-1319.2102721507722
-1319.2102721507722
-1319.2102721507722
-1319.2102721507722
-1319.2102721507722
-1319.2102721507722
-1319.2102721507722
-1319.2102721507722
-1319.2102721507722
-1319.2102721507722
-1318.4034457113455
-1318.4034457113455
-1318.4034457113455
-1318.4034457113455
-1318.4034457113455
-1318.4034457113455
-1318.4034457113455
-1318.4034457113455
-1318.4034457113455
-1318.4034457113455
-1318.4034457113455
-1318.4034457113455
-1318.4034457113455
-1318.4034457113455
-1318.4034457113455
-1318.1084434311813
-1321.1732529084618
-1321.5833012989094
-1321.5833012989094
-1321.5833012989094
-1321.2100888292168
-1321.2100888292168
-1321.2100888292168
-1319.364042198672
-1319.364042198672
-1319.364042198672
-1319.364042198672
-1319.364042198672
-1319.364042198672
-1319.364042198672
-1317.8045681885915
-1318.112381623005
-1318.112381623005
-1318.112381623005
-1318.112381623005
-1318.112381623005
-1319.2544585213025
-1321.7914722245634
-1314.6028269616593
-1314.6028269616593
-1314.6028269616593
-1314.6028269616593
-1314.6028269616593
-1314.6028269616593
-1314.6028269616593
-1313.308482928493
-1313.308482928493
-1313.308482928493
-1313.308482928493
-1313.308482928493
-1313.308482928493
-1313.308482928493
-1313.308482928493
-1313.308482928493
-1313.308482928493
-1313.308482928493
-1313.308482928493
-1313.308482928493
-1313.308482928493
-1313.308482928493
-1313.308482928493
-1313.308482928493
-1313.308482928493
-1313.308482928493
-1313.308482928493
-1313.308482928493
-1313.308482928493
-1313.308482928493
-1313.308482928493
-1313.308482928493
-1313.308482928493
-1313.308482928493
-1313.308482928493
-1313.308482928493
-1313.308482928493
-1313.308482928493
-1313.308482928493
-1313.308482928493
-1313.308482928493
-1313.308482928493
-1313.308482928493
-1313.308482928493
-1313.308482928493
-1313.308482928493
-1313.308482928493
-1313.308482928493
-1314.3747586040638
-1314.3747586040638
-1314.3747586040638
-1314.3747586040638
-1314.3747586040638
-1314.3747586040638
-1314.3747586040638
-1314.3747586040638
-1314.3747586040638
-1315.107152588171
-1315.107152588171
-1315.107152588171
-1315.7107625769888
-1315.7107625769888
-1315.7107625769888
-1315.7107625769888
-1315.7107625769888
-1315.7107625769888
-1315.7107625769888
-1315.7107625769888
-1315.7107625769888
-1314.8016449843947
-1314.8016449843947
-1314.8016449843947
-1314.8016449843947
-1314.8016449843947
-1314.8016449843947
-1314.8016449843947
-1314.8016449843947
-1314.8016449843947
-1314.8016449843947
-1314.8016449843947
-1314.8016449843947
-1314.8016449843947
-1314.8016449843947
-1314.8016449843947
-1314.8016449843947
-1314.8016449843947
-1314.8016449843947
-1314.8016449843947
-1314.8016449843947
-1314.8016449843947
-1314.8016449843947
-1316.5172072128182
-1315.8022265672837
-1317.6072337754442
-1320.1577829510654
-1317.5482346915508
-1317.5482346915508
-1317.5482346915508
-1316.6902353552102
-1316.6902353552102
-1316.6902353552102
-1316.6902353552102
-1316.4099085756923
-1316.4099085756923
-1316.4099085756923
-1316.4099085756923
-1316.801192242644
-1317.477372424284
-1318.5172339085414
-1318.5172339085414
-1318.5172339085414
-1318.5172339085414
-1318.5172339085414
-1315.765304594322
-1315.765304594322
-1315.765304594322
-1314.7990756242982
-1312.6243065878034
-1312.6243065878034
-1312.6243065878034
-1312.35645127016
-1314.7302273857736
-1314.7302273857736
-1314.7302273857736
-1314.7302273857736
-1314.7302273857736
-1314.9890368321774
-1312.4500937582036
-1313.4288278482122
-1313.1094529462428
-1313.1094529462428
-1313.1094529462428
-1313.1094529462428
-1313.1094529462428
-1313.1094529462428
-1313.1094529462428
-1313.1094529462428
-1313.1094529462428
-1313.1094529462428
-1312.4962562108124
-1312.4962562108124
-1312.4962562108124
-1312.4962562108124
-1312.4962562108124
-1312.4962562108124
-1312.4962562108124
-1312.4962562108124
-1312.4962562108124
-1312.4962562108124
-1312.4962562108124
-1312.4962562108124
-1312.4962562108124
-1315.4063156573882
-1315.4063156573882
-1315.4063156573882
-1315.4063156573882
-1315.4063156573882
-1317.628380856493
-1317.628380856493
-1314.199618218999
-1314.3914067645544
-1314.57011912981
-1314.57011912981
-1314.57011912981
-1314.57011912981
-1314.57011912981
-1314.57011912981
-1313.7366956352819
-1313.7366956352819
-1313.7366956352819
-1318.3971683597854
-1317.6271402725063
-1317.6271402725063
-1314.86046160664
-1316.0187419180422
-1317.3776302868794
-1316.2759525419203
-1316.2759525419203
-1315.348548978675
-1313.6139493537337
-1313.6139493537337
-1313.1551298979284
-1313.1551298979284
-1312.178309605386
-1312.178309605386
-1312.178309605386
-1312.178309605386
-1311.2125125992357
-1311.2125125992357
-1311.2125125992357
-1311.2125125992357
-1311.2125125992357
-1313.6724316115547
-1311.67373460744
-1311.67373460744
-1311.67373460744
-1313.6285096091424
-1313.960321523792
-1315.0830580632444
-1315.0830580632444
-1315.9210361980902
-1315.9210361980902
-1312.8450286662453
-1312.8450286662453
-1315.7322292748934
-1317.4275375939417
-1314.0827121258687
-1314.0827121258687
-1314.0827121258687
-1314.0827121258687
-1314.0827121258687
-1314.0827121258687
-1314.4820611413757
-1314.4820611413757
-1314.4820611413757
-1314.4820611413757
-1313.7112875037078
-1313.7112875037078
-1313.7112875037078
-1313.7112875037078
-1313.7112875037078
-1313.3203705295364
-1315.9492344285975
-1313.4992994956688
-1313.4992994956688
-1313.4992994956688
-1313.4992994956688
-1313.4992994956688
-1313.4992994956688
-1313.4992994956688
-1316.5210217125202
-1316.5210217125202
-1316.5210217125202
-1313.9157176376627
-1313.9157176376627
-1313.9157176376627
-1311.0974608855984
-1311.0974608855984
-1311.0974608855984
-1311.0974608855984
-1311.0974608855984
-1311.0974608855984
-1311.0974608855984
-1311.0974608855984
-1311.0974608855984
-1311.0974608855984
-1311.0974608855984
-1311.0974608855984
-1311.0974608855984
-1311.0974608855984
-1311.0974608855984
-1311.0974608855984
-1311.0974608855984
-1311.0974608855984
-1311.0974608855984
-1311.0974608855984
-1311.0974608855984
-1311.0974608855984
-1311.0974608855984
-1311.0974608855984
-1311.0974608855984
-1311.0974608855984
-1311.0974608855984
-1311.0974608855984
-1311.0974608855984
-1311.0974608855984
-1311.0974608855984
-1311.0974608855984
-1311.0974608855984
-1311.0974608855984
-1311.0974608855984
-1311.0974608855984
-1311.0974608855984
-1311.0974608855984
-1311.0974608855984
-1311.0974608855984
-1311.0974608855984
-1311.0974608855984
-1311.0974608855984
-1311.0974608855984
-1311.0974608855984
-1311.0974608855984
-1311.0974608855984
-1311.0974608855984
-1311.0974608855984
-1311.0974608855984
-1311.0974608855984
-1311.0974608855984
-1311.0974608855984
-1311.0974608855984
-1311.0974608855984
-1311.0974608855984
-1311.0974608855984
-1311.0974608855984
-1311.0974608855984
-1311.0974608855984
-1311.0974608855984
-1311.0974608855984
-1311.0974608855984
-1311.0974608855984
-1311.439122406706
-1311.439122406706
-1311.439122406706
-1311.439122406706
-1311.439122406706
-1311.439122406706
-1311.439122406706
-1313.1007650224383
-1313.1007650224383
-1311.5609264485336
-1311.5609264485336
-1311.5609264485336
-1311.5609264485336
-1311.5609264485336
-1313.123347738154
-1313.123347738154
-1313.123347738154
-1313.2360434803195
-1313.2360434803195
-1313.2360434803195
-1313.2360434803195
-1313.2360434803195
-1312.3415050667643
-1312.3415050667643
-1312.3415050667643
-1312.3415050667643
-1312.3415050667643
-1312.3415050667643
-1312.3415050667643
-1311.9493429274094
-1311.9493429274094
-1311.9493429274094
-1311.9493429274094
-1311.9493429274094
-1311.9493429274094
-1311.9493429274094
-1311.9493429274094
-1311.9493429274094
-1311.9493429274094
-1311.9493429274094
-1311.9493429274094
-1311.9493429274094
-1311.9493429274094
-1311.9493429274094
-1311.9493429274094
-1311.9493429274094
-1311.9493429274094
-1311.9493429274094
-1311.9493429274094
-1311.9493429274094
-1311.9493429274094
-1311.9493429274094
-1311.9493429274094
-1311.9493429274094
-1311.9493429274094
-1311.9493429274094
-1311.9493429274094
-1311.9493429274094
-1309.805594756187
-1309.805594756187
-1309.805594756187
-1312.2373501408208
-1312.2373501408208
-1312.8168322361284
-1312.8168322361284
-1312.8168322361284
-1312.8168322361284
-1312.8168322361284
-1312.8168322361284
-1312.8168322361284
-1312.8168322361284
-1312.8168322361284
-1312.8168322361284
-1314.3575347053186
-1314.3575347053186
-1314.3575347053186
-1314.3575347053186
-1314.3575347053186
-1314.3575347053186
-1314.3575347053186
-1315.0527531335601
-1315.0527531335601
-1312.5899745225204
-1312.5899745225204
-1312.5899745225204
-1312.5899745225204
-1312.5899745225204
-1312.5899745225204
-1312.5899745225204
-1312.5899745225204
-1312.5899745225204
-1312.5899745225204
-1312.5899745225204
-1312.5899745225204
-1312.5899745225204
-1312.5899745225204
-1312.5899745225204
-1312.5899745225204
-1312.5899745225204
-1312.5899745225204
-1312.1347677197282
-1312.1347677197282
-1312.1347677197282
-1312.8039432671476
-1312.8039432671476
-1312.8039432671476
-1315.7244722504506
-1314.6721756090803
-1314.6721756090803
