-1621.7116962292052
-1621.7116962292052
-1377.5263760452542
-1368.6093333373817
-1366.3569789763399
-1336.0053763801877
-1336.0053763801877
-1336.0053763801877
-1339.7260000147821
-1337.9609459867602
-1329.0348193682432
-1323.7580073829574
-1319.7198460634402
-1319.7198460634402
-1319.7198460634402
-1319.7198460634402
-1319.7198460634402
-1319.7198460634402
-1320.479964654081
-1320.479964654081
-1320.479964654081
-1320.479964654081
-1321.124774503074
-1321.124774503074
-1321.124774503074
-1321.124774503074
-1321.6857305878375
-1321.226347467676
-1321.226347467676
-1321.226347467676
-1321.226347467676
-1320.889784589643
-1320.7627288542403
-1319.4044472922924
-1319.4044472922924
-1319.4044472922924
-1317.8897393610357
-1319.9517595991374
-1319.7293955587336
-1318.2194212811205
-1318.2194212811205
-1317.6123750070967
-1314.8377878586678
-1314.8377878586678
-1314.8377878586678
-1314.8377878586678
-1314.6200176451769
-1313.6291649548693
-1313.6291649548693
-1317.77124049974
-1315.9841541450132
-1315.9841541450132
-1316.5031881696677
-1316.5031881696677
-1314.3633952039388
-1314.3633952039388
-1313.508544171657
-1313.508544171657
-1313.508544171657
-1313.508544171657
-1313.508544171657
-1313.508544171657
-1312.978647926243
-1312.978647926243
-1312.978647926243
-1312.978647926243
-1312.978647926243
-1312.978647926243
-1312.978647926243
-1312.978647926243
-1312.978647926243
-1312.978647926243
-1312.978647926243
-1312.978647926243
-1312.978647926243
-1312.978647926243
-1312.978647926243
-1312.978647926243
-1312.978647926243
-1313.1693019100107
-1313.1693019100107
-1313.1693019100107
-1313.1693019100107
-1313.1693019100107
-1313.1693019100107
-1313.1693019100107
-1313.1693019100107
-1313.8839997446064
-1313.8839997446064
-1313.8839997446064
-1313.8839997446064
-1313.8839997446064
-1312.5507719263283
-1312.5507719263283
-1312.5507719263283
-1316.5769228917393
-1316.5360172224125
-1314.497194770212
-1314.497194770212
-1317.0026090421766
-1314.9238640571966
-1314.9238640571966
-1314.9238640571966
-1314.83149267469
-1314.83149267469
-1314.83149267469
-1314.83149267469
-1314.83149267469
-1315.2251506980688
-1315.2251506980688
-1313.174914298936
-1313.174914298936
-1313.174914298936
-1313.174914298936
-1313.174914298936
-1313.174914298936
-1314.3435381721224
-1315.482125965251
-1314.804619688959
-1313.8459605439718
-1313.8459605439718
-1313.8459605439718
-1313.8459605439718
-1313.8459605439718
-1313.8459605439718
-1313.8459605439718
-1313.8459605439718
-1313.8459605439718
-1313.8459605439718
-1313.8459605439718
-1313.8459605439718
-1313.8459605439718
-1313.8459605439718
-1314.8639469667523
-1314.8639469667523
-1314.8639469667523
-1314.1457490431153
-1316.3220736523465
-1316.3220736523465
-1313.836346904678
-1313.836346904678
-1313.836346904678
-1313.836346904678
-1313.836346904678
-1313.836346904678
-1313.836346904678
-1313.836346904678
-1313.836346904678
-1313.836346904678
-1314.737943986908
-1314.737943986908
-1314.737943986908
-1314.737943986908
-1314.737943986908
-1314.737943986908
-1314.737943986908
-1314.737943986908
-1314.737943986908
-1314.737943986908
-1314.737943986908
-1317.6078645712973
-1316.7966046895433
-1316.7966046895433
-1313.4654234965758
-1313.4654234965758
-1313.4654234965758
-1313.4654234965758
-1313.4654234965758
-1312.5396647531816
-1312.2223720738375
-1312.2223720738375
-1312.2223720738375
-1312.2223720738375
-1312.2223720738375
-1312.2223720738375
-1312.2223720738375
-1312.2223720738375
-1312.2223720738375
-1312.2223720738375
-1312.2223720738375
-1312.2223720738375
-1312.2223720738375
-1312.2223720738375
-1312.2223720738375
-1312.2223720738375
-1312.2223720738375
-1312.2223720738375
-1312.2223720738375
-1312.2223720738375
-1312.2223720738375
-1312.2223720738375
-1312.2223720738375
-1312.2223720738375
-1312.2223720738375
-1312.2223720738375
-1312.2223720738375
-1312.2223720738375
-1312.2223720738375
-1312.2223720738375
-1312.2223720738375
-1312.2223720738375
-1313.9531464699328
-1313.2296130184418
-1314.8324953156296
-1314.8324953156296
-1314.951401538855
-1314.951401538855
-1314.951401538855
-1314.951401538855
-1314.951401538855
-1314.951401538855
-1313.5076729625966
-1313.5076729625966
-1313.5076729625966
-1313.5076729625966
-1314.5688637976111
-1314.8037385750474
-1315.6980140871335
-1314.8597316056869
-1312.7809795058124
-1312.7809795058124
-1312.7809795058124
-1312.7809795058124
-1312.7809795058124
-1312.7809795058124
-1312.7809795058124
-1312.7809795058124
-1314.2013916471408
-1314.2013916471408
-1314.2013916471408
-1314.2013916471408
-1314.2013916471408
-1314.2013916471408
-1314.5435331429471
-1314.0690914166646
-1314.0690914166646
-1312.8985262660158
-1312.8985262660158
-1312.8985262660158
-1315.9273745365829
-1315.9273745365829
-1315.9273745365829
-1315.9273745365829
-1315.9273745365829
-1319.9080907860223
-1319.9080907860223
-1319.9080907860223
-1317.0152359055062
-1319.0403459546942
-1319.0403459546942
-1319.0403459546942
-1318.8526555246617
-1314.2732116577533
-1314.2732116577533
-1314.2732116577533
-1314.2732116577533
-1312.525502696607
-1312.525502696607
-1312.525502696607
-1312.525502696607
-1312.525502696607
-1312.525502696607
-1312.525502696607
-1312.4886561486137
-1312.4886561486137
-1312.4886561486137
-1313.4533603613
-1313.4533603613
-1313.4533603613
-1313.4533603613
-1310.392015878313
-1310.392015878313
-1310.392015878313
-1310.392015878313
-1310.392015878313
-1310.392015878313
-1310.392015878313
-1310.392015878313
-1314.6665786583303
-1312.1576475417571
-1312.1576475417571
-1312.1576475417571
-1312.1576475417571
-1314.70322911102
-1314.3519042173511
-1314.3519042173511
-1314.3519042173511
-1315.6057894364676
-1315.6057894364676
-1315.6057894364676
-1315.1012256326735
-1315.1012256326735
-1313.38677341773
-1312.4074176532122
-1312.4074176532122
-1312.4074176532122
-1312.4074176532122
-1312.4074176532122
-1313.5259915671327
-1313.5259915671327
-1313.5624251326863
-1314.5217847467193
-1316.152547668751
-1316.152547668751
-1317.0733072794187
-1316.287116222936
-1316.287116222936
-1315.9856069278346
-1317.184671110442
-1317.184671110442
-1317.184671110442
-1317.184671110442
-1317.184671110442
-1313.2400802550244
-1312.4514779755796
-1317.0931221774338
-1317.0931221774338
-1317.0931221774338
-1317.0931221774338
-1313.7342042760627
-1313.7342042760627
-1313.7342042760627
-1313.7342042760627
-1313.7342042760627
-1313.7342042760627
-1313.7342042760627
-1313.7342042760627
-1313.7342042760627
-1313.7342042760627
-1313.7342042760627
-1313.7342042760627
-1313.7342042760627
-1313.7342042760627
-1313.7342042760627
-1313.7342042760627
-1313.7342042760627
-1314.8722132303737
-1314.8722132303737
-1314.8722132303737
-1314.8722132303737
-1316.23720300273
-1316.23720300273
-1315.7874021075636
-1315.7874021075636
-1315.7874021075636
-1315.7874021075636
-1315.9926356439375
-1315.9926356439375
-1315.9926356439375
-1315.9926356439375
-1315.9926356439375
-1315.9926356439375
-1312.8234773980403
-1312.8234773980403
-1312.8234773980403
-1311.0779855989915
-1313.3272624811316
-1313.3272624811316
-1313.95909023639
-1313.95909023639
-1313.95909023639
-1313.95909023639
-1313.95909023639
-1313.95909023639
-1316.1331872696844
-1316.1331872696844
-1316.1331872696844
-1315.9605559522468
-1316.7796934283865
-1316.8948931120378
-1315.9523147759967
-1315.9523147759967
-1318.1562960835258
-1318.1562960835258
-1318.1562960835258
-1315.24281513803
-1315.24281513803
-1315.24281513803
-1315.24281513803
-1315.24281513803
-1315.24281513803
-1315.24281513803
-1315.24281513803
-1315.24281513803
-1315.24281513803
-1315.24281513803
-1315.24281513803
-1315.24281513803
-1317.7539582699521
-1317.7539582699521
-1317.7539582699521
-1317.7539582699521
-1317.7539582699521
-1315.493565519375
-1315.5884234811704
-1315.5884234811704
-1315.5884234811704
-1315.5884234811704
-1313.5258606089083
-1313.5258606089083
-1313.5258606089083
-1313.5258606089083
-1313.5258606089083
-1313.5258606089083
-1313.5258606089083
-1313.5258606089083
-1313.5258606089083
-1313.5258606089083
-1313.5258606089083
-1313.5258606089083
-1313.5258606089083
-1313.5258606089083
-1313.5258606089083
-1313.5258606089083
-1313.5258606089083
-1313.5258606089083
-1313.5258606089083
-1313.5258606089083
-1313.5258606089083
-1313.5258606089083
-1313.5258606089083
-1313.5258606089083
-1313.5258606089083
-1313.5258606089083
-1313.5258606089083
-1313.5258606089083
-1313.5258606089083
-1313.5258606089083
-1313.5258606089083
-1313.5258606089083
-1313.5258606089083
-1313.5258606089083
-1313.5258606089083
-1313.5258606089083
-1315.8452725076384
-1315.8452725076384
-1315.8452725076384
-1315.8452725076384
-1315.8452725076384
-1315.8452725076384
-1315.8452725076384
-1315.8452725076384
-1315.8452725076384
-1315.8452725076384
-1315.8452725076384
-1315.8452725076384
-1315.8452725076384
-1315.8452725076384
-1315.8452725076384
-1315.8452725076384
-1315.8452725076384
-1315.8452725076384
-1315.8452725076384
-1315.8452725076384
-1318.2362303482491
-1318.2362303482491
-1318.2362303482491
-1317.3178812083936
-1316.8767220310942
-1316.8767220310942
-1317.9179339848235
-1313.819697000413
-1313.819697000413
-1313.819697000413
-1313.819697000413
-1315.7517812451733
-1316.5324211745035
-1316.5324211745035
-1313.6900242471231
-1313.6900242471231
-1313.6900242471231
-1313.6900242471231
-1313.6900242471231
-1313.6900242471231
-1313.6900242471231
-1313.6900242471231
-1313.6900242471231
-1313.6900242471231
-1313.6900242471231
-1313.6900242471231
-1313.6900242471231
-1313.6900242471231
-1312.5588392397299
-1312.5588392397299
-1312.5588392397299
-1314.7911099496623
-1314.2868278720298
-1313.7233549541659
-1315.065479190574
-1313.8415191644617
-1313.8415191644617
-1313.8415191644617
-1313.8415191644617
-1313.8415191644617
-1313.8415191644617
-1313.8415191644617
-1313.8415191644617
-1313.8415191644617
-1313.3604868743028
-1313.3604868743028
-1313.3604868743028
