-1870.500076807568
-1781.8905113107712
-1680.3276639687585
-1587.6946119304775
-1587.6946119304775
-1587.6946119304775
-1587.6946119304775
-1587.6946119304775
-1587.6946119304775
-1587.6946119304775
-1587.6946119304775
-1587.6946119304775
-1587.6946119304775
-1587.6946119304775
-1587.6946119304775
-1587.6946119304775
-1587.6946119304775
-1536.2322271796224
-1522.0507247378687
-1522.0507247378687
-1531.9700042829331
-1531.9700042829331
-1531.9700042829331
-1531.9700042829331
-1531.9700042829331
-1516.2157724056497
-1516.2157724056497
-1516.2157724056497
-1516.2157724056497
-1516.2157724056497
-1516.2157724056497
-1516.2157724056497
-1516.2157724056497
-1516.2157724056497
-1516.2157724056497
-1516.2157724056497
-1516.2157724056497
-1516.2157724056497
-1507.5095082562866
-1507.5095082562866
-1509.6785421434486
-1509.6785421434486
-1509.6785421434486
-1509.6785421434486
-1509.6785421434486
-1509.6785421434486
-1476.6276740865649
-1476.6276740865649
-1476.6276740865649
-1476.6276740865649
-1476.6276740865649
-1476.6276740865649
-1476.6276740865649
-1476.6276740865649
-1476.6276740865649
-1476.6276740865649
-1476.6276740865649
-1421.6445117624291
-1421.6445117624291
-1421.6445117624291
-1421.6445117624291
-1421.6445117624291
-1421.6445117624291
-1421.6445117624291
-1418.8656362866525
-1386.874299396681
-1381.2165436875102
-1381.2165436875102
-1381.2165436875102
-1381.2165436875102
-1381.2165436875102
-1366.9298064920763
-1366.9298064920763
-1366.9298064920763
-1366.9298064920763
-1366.9298064920763
-1360.0823552982008
-1355.1493010798824
-1346.0547221210886
-1346.0547221210886
-1346.0547221210886
-1346.0547221210886
-1343.5631189569976
-1333.9412064811454
-1339.8657556255714
-1327.918007015396
-1322.127645202655
-1322.127645202655
-1322.127645202655
-1322.127645202655
-1322.127645202655
-1322.127645202655
-1324.0999429363787
-1324.0299605027287
-1321.346657262205
-1321.346657262205
-1326.4845958734695
-1327.4425536102663
-1326.1766639310065
-1326.1766639310065
-1326.1766639310065
-1326.1766639310065
-1326.1766639310065
-1326.1766639310065
-1326.1766639310065
-1318.7264950208253
-1318.7264950208253
-1318.7264950208253
-1318.7264950208253
-1318.7264950208253
-1318.7264950208253
-1318.7264950208253
-1318.7264950208253
-1318.7264950208253
-1318.7264950208253
-1318.7264950208253
-1318.7264950208253
-1318.7264950208253
-1318.7264950208253
-1318.7264950208253
-1318.7264950208253
-1318.7264950208253
-1318.7264950208253
-1318.7264950208253
-1318.7264950208253
-1318.620802020281
-1317.9843903264734
-1318.5887432613663
-1322.88671082913
-1322.88671082913
-1319.3301941315717
-1320.0596635507995
-1319.8712841431882
-1320.3565890190328
-1317.3983960556807
-1317.3983960556807
-1317.3983960556807
-1317.3983960556807
-1320.6322678716895
-1320.6322678716895
-1320.6322678716895
-1320.6322678716895
-1320.6322678716895
-1320.6322678716895
-1320.6322678716895
-1320.6322678716895
-1320.6322678716895
-1320.6322678716895
-1319.3289387570617
-1319.3289387570617
-1319.3289387570617
-1322.5883490650365
-1321.4903482692819
-1321.805989169308
-1323.0645892521213
-1322.5361347569785
-1322.5361347569785
-1322.5361347569785
-1322.5361347569785
-1320.3248941092752
-1319.6652869357968
-1319.6652869357968
-1319.6652869357968
-1321.7770922368438
-1319.5144943920996
-1319.5144943920996
-1319.1989214529071
-1319.1989214529071
-1319.1989214529071
-1319.1989214529071
-1317.8322300230045
-1317.8322300230045
-1317.8322300230045
-1317.8322300230045
-1317.8322300230045
-1317.8322300230045
-1317.8322300230045
-1317.8322300230045
-1317.8322300230045
-1317.8322300230045
-1317.8322300230045
-1317.3807158724824
-1317.3807158724824
-1317.3807158724824
-1317.3807158724824
-1317.3807158724824
-1317.3807158724824
-1317.3807158724824
-1317.3807158724824
-1316.786843613898
-1316.786843613898
-1315.3766536739936
-1315.3766536739936
-1315.3766536739936
-1315.3766536739936
-1315.3766536739936
-1315.3766536739936
-1315.3766536739936
-1315.3766536739936
-1315.3766536739936
-1315.3766536739936
-1316.965181726605
-1316.965181726605
-1316.965181726605
-1316.965181726605
-1316.6230563612976
-1316.6230563612976
-1316.6230563612976
-1319.2706524637883
-1319.2706524637883
-1319.2706524637883
-1317.3250970530153
-1317.3250970530153
-1317.3250970530153
-1317.3250970530153
-1317.3250970530153
-1317.3250970530153
-1317.3250970530153
-1317.3250970530153
-1318.3127170527546
-1317.505681317819
-1316.8335535831377
-1316.6738940779737
-1316.6738940779737
-1316.6738940779737
-1319.1279569530743
-1319.1279569530743
-1318.0909223434971
-1318.2564821528033
-1318.2564821528033
-1317.1233879008885
-1317.488991135036
-1317.3822658297584
-1315.6781600747743
-1315.9347644581787
-1316.9173541818366
-1316.9173541818366
-1316.9173541818366
-1311.9740759817873
-1311.9740759817873
-1311.9740759817873
-1311.9740759817873
-1311.9740759817873
-1312.784374442132
-1312.784374442132
-1312.784374442132
-1312.784374442132
-1312.784374442132
-1312.784374442132
-1312.784374442132
-1311.7665011974416
-1311.7665011974416
-1311.7665011974416
-1311.7665011974416
-1311.7665011974416
-1311.7665011974416
-1311.7665011974416
-1311.7665011974416
-1311.7665011974416
-1311.7665011974416
-1311.7665011974416
-1311.7665011974416
-1311.7665011974416
-1311.7665011974416
-1311.7665011974416
-1311.7665011974416
-1311.7665011974416
-1311.7665011974416
-1311.7665011974416
-1311.7665011974416
-1311.7665011974416
-1311.7665011974416
-1311.7665011974416
-1311.7665011974416
-1311.7665011974416
-1311.7665011974416
-1311.7665011974416
-1311.7665011974416
-1311.7665011974416
-1311.7665011974416
-1311.7665011974416
-1311.7665011974416
-1311.7665011974416
-1311.7665011974416
-1311.7665011974416
-1311.7665011974416
-1311.7665011974416
-1311.7665011974416
-1311.7665011974416
-1311.7665011974416
-1311.7665011974416
-1311.7665011974416
-1311.7665011974416
-1311.7665011974416
-1311.7665011974416
-1311.7665011974416
-1311.7665011974416
-1311.7665011974416
-1315.5964385708182
-1312.9045135282345
-1312.293675339085
-1312.293675339085
-1312.293675339085
-1312.293675339085
-1316.6736373065366
-1316.3437756512851
-1312.3395131116279
-1312.3395131116279
-1312.3395131116279
-1312.3395131116279
-1312.3395131116279
-1312.3395131116279
-1312.3395131116279
-1312.3395131116279
-1313.6462603462335
-1313.6462603462335
-1313.6462603462335
-1313.9850649139098
-1313.9850649139098
-1313.1536007919412
-1313.1536007919412
-1312.6601488643773
-1312.6601488643773
-1312.6601488643773
-1312.6601488643773
-1312.6601488643773
-1312.6601488643773
-1311.8618471784812
-1311.8618471784812
-1311.8618471784812
-1311.8618471784812
-1311.8618471784812
-1311.8618471784812
-1311.8618471784812
-1310.656022106325
-1310.656022106325
-1310.656022106325
-1310.656022106325
-1310.656022106325
-1315.3854015057418
-1315.434374965668
-1312.0569641881302
-1312.0569641881302
-1312.0569641881302
-1312.0569641881302
-1312.0569641881302
-1312.0569641881302
-1312.0569641881302
-1312.0569641881302
-1312.0569641881302
-1312.0569641881302
-1312.0569641881302
-1312.0569641881302
-1312.0569641881302
-1312.0569641881302
-1312.0569641881302
-1312.0569641881302
-1312.0569641881302
-1312.0569641881302
-1312.5774767372043
-1312.5774767372043
-1312.5774767372043
-1312.5774767372043
-1312.5774767372043
-1312.5774767372043
-1312.5774767372043
-1312.5774767372043
-1311.7936650870997
-1311.7936650870997
-1311.7936650870997
-1311.7936650870997
-1311.7936650870997
-1311.7936650870997
-1311.7936650870997
-1311.7936650870997
-1311.7936650870997
-1311.7936650870997
-1311.7936650870997
-1314.521676491162
-1316.7157094149422
-1316.7157094149422
-1314.6159895473074
-1314.6159895473074
-1315.2750385185718
-1316.133583979521
-1312.4989105277689
-1315.6323781241797
-1315.6323781241797
-1314.06873580963
-1313.7954640263915
-1313.7954640263915
-1313.7954640263915
-1313.4930657648515
-1313.4930657648515
-1313.5937469709907
-1313.5937469709907
-1313.5937469709907
-1313.5937469709907
-1313.5937469709907
-1313.5937469709907
-1313.5937469709907
-1313.5937469709907
-1313.5937469709907
-1312.0948806394483
-1312.0948806394483
-1312.0948806394483
-1312.0948806394483
-1312.0948806394483
-1312.0948806394483
-1312.0948806394483
-1312.0948806394483
-1312.0948806394483
-1312.0948806394483
-1312.0948806394483
-1312.0948806394483
-1312.0948806394483
-1312.0948806394483
-1312.0948806394483
-1312.0948806394483
-1312.0948806394483
-1312.0948806394483
-1312.0948806394483
-1312.0948806394483
-1312.0948806394483
-1312.0948806394483
-1312.0948806394483
-1312.0948806394483
-1312.0948806394483
-1312.0948806394483
-1312.0948806394483
-1312.0948806394483
-1312.0948806394483
-1312.0948806394483
-1312.0948806394483
-1312.0948806394483
-1312.0948806394483
-1312.0948806394483
-1313.5471460972328
-1313.5471460972328
-1313.5471460972328
-1313.5471460972328
-1312.8118782349409
-1313.3393718978837
-1313.3393718978837
-1313.6959921426037
-1312.6798381954932
-1312.515564312127
-1312.515564312127
-1312.515564312127
-1312.515564312127
-1312.515564312127
-1312.515564312127
-1312.515564312127
-1312.515564312127
-1312.515564312127
-1312.515564312127
-1312.515564312127
-1312.515564312127
-1310.4885662104405
-1310.4885662104405
-1310.4885662104405
-1310.4885662104405
-1310.4885662104405
-1310.4885662104405
-1310.4885662104405
-1310.4885662104405
-1310.4885662104405
-1310.4885662104405
-1310.4885662104405
-1310.4885662104405
-1310.4885662104405
-1310.4885662104405
-1310.4885662104405
-1310.4885662104405
-1310.4885662104405
-1310.4885662104405
-1310.4885662104405
-1310.4885662104405
-1310.4885662104405
-1310.4885662104405
-1310.4885662104405
-1310.4885662104405
-1310.4885662104405
-1310.4885662104405
-1310.4885662104405
-1310.4885662104405
-1310.4885662104405
-1310.4885662104405
-1310.4885662104405
-1310.4885662104405
-1310.4885662104405
-1310.4885662104405
-1310.4885662104405
-1310.4885662104405
-1310.4885662104405
-1310.4885662104405
-1310.4885662104405
-1310.4885662104405
-1310.4885662104405
-1310.4885662104405
-1310.4885662104405
