-1323.065453367121
-1316.510076087046
-1319.4321309722177
-1318.2614389657642
-1316.8749737610588
-1316.8749737610588
-1316.8749737610588
-1319.8081658334597
-1315.4812426815997
-1315.4812426815997
-1315.4812426815997
-1316.4983760049556
-1316.4983760049556
-1316.4983760049556
-1316.5985481891528
-1314.4856986202344
-1314.4856986202344
-1314.7617356153173
-1314.7617356153173
-1312.8391370160127
-1312.8391370160127
-1312.8391370160127
-1312.7390546131553
-1312.7390546131553
-1312.7390546131553
-1312.7390546131553
-1312.7390546131553
-1312.7390546131553
-1312.7390546131553
-1312.7390546131553
-1312.7390546131553
-1312.7390546131553
-1312.7390546131553
-1312.7390546131553
-1312.7390546131553
-1312.7390546131553
-1312.819125780103
-1312.819125780103
-1312.819125780103
-1312.819125780103
-1312.819125780103
-1312.819125780103
-1312.819125780103
-1313.5826759639351
-1314.597072776245
-1314.597072776245
-1314.597072776245
-1314.597072776245
-1314.597072776245
-1314.597072776245
-1315.1235121412358
-1315.7027017499938
-1316.4565588748428
-1316.4565588748428
-1316.4565588748428
-1316.4565588748428
-1313.8197823133669
-1315.888580174568
-1313.575423856266
-1313.575423856266
-1313.575423856266
-1313.575423856266
-1316.2380270033782
-1313.6991678112145
-1313.6991678112145
-1314.830385580403
-1318.1362608057218
-1318.1362608057218
-1315.9810372939437
-1315.9810372939437
-1314.0553863573587
-1314.136948617083
-1314.136948617083
-1314.136948617083
-1314.136948617083
-1314.136948617083
-1314.136948617083
-1314.136948617083
-1314.136948617083
-1318.2023310500103
-1318.2023310500103
-1314.4169310176574
-1314.5375497131486
-1314.5375497131486
-1314.5375497131486
-1314.5375497131486
-1314.5375497131486
-1314.5375497131486
-1314.5375497131486
-1314.5375497131486
-1314.5375497131486
-1314.5375497131486
-1314.5375497131486
-1312.5800627926174
-1312.5800627926174
-1312.5800627926174
-1312.5800627926174
-1312.5800627926174
-1312.5800627926174
-1312.5800627926174
-1313.2725285896026
-1313.2725285896026
-1313.2725285896026
-1313.2725285896026
-1313.2725285896026
-1313.2725285896026
-1313.2725285896026
-1313.2725285896026
-1313.2725285896026
-1313.2725285896026
-1313.2725285896026
-1313.8477962425882
-1313.8477962425882
-1313.8477962425882
-1313.8477962425882
-1313.8477962425882
-1313.8477962425882
-1313.8477962425882
-1313.8477962425882
-1313.5947724786272
-1313.8289153632002
-1315.3611777496537
-1314.2884527191804
-1314.2884527191804
-1314.2884527191804
-1314.2884527191804
-1313.8558713390346
-1317.9528659893012
-1316.735108148672
-1316.735108148672
-1316.735108148672
-1317.0887657931528
-1316.3291247066904
-1316.3291247066904
-1316.4662557098927
-1320.2271239963263
-1320.007487804749
-1320.007487804749
-1320.007487804749
-1320.007487804749
-1320.007487804749
-1320.007487804749
-1318.987336282686
-1318.987336282686
-1314.3992649734341
-1314.3992649734341
-1314.3992649734341
-1314.3992649734341
-1314.3992649734341
-1314.3992649734341
-1314.3992649734341
-1314.3992649734341
-1314.3992649734341
-1314.3992649734341
-1314.3992649734341
-1314.3992649734341
-1314.3992649734341
-1314.3992649734341
-1314.3992649734341
-1314.3992649734341
-1314.3992649734341
-1314.3992649734341
-1314.3992649734341
-1314.3992649734341
-1314.3992649734341
-1314.3992649734341
-1314.3992649734341
-1314.3992649734341
-1317.1213454396961
-1317.1213454396961
-1317.1213454396961
-1320.0685157431153
-1320.0685157431153
-1319.5491511023042
-1319.5491511023042
-1319.5491511023042
-1319.5491511023042
-1316.8297914159552
-1316.8297914159552
-1316.8297914159552
-1316.8297914159552
-1319.7890580047351
-1319.1055054856456
-1319.1055054856456
-1319.1055054856456
-1317.4937444855425
-1317.4937444855425
-1317.4937444855425
-1317.4937444855425
-1317.4937444855425
-1317.4937444855425
-1317.3384213761578
-1317.3384213761578
-1317.3384213761578
-1317.3384213761578
-1317.3384213761578
-1317.3384213761578
-1317.3384213761578
-1316.4316255302656
-1317.1625714411412
-1314.307614493822
-1315.155450805033
-1315.155450805033
-1315.155450805033
-1315.155450805033
-1315.155450805033
-1315.155450805033
-1315.155450805033
-1315.155450805033
-1314.1554974430207
-1314.1554974430207
-1312.262590164228
-1312.0313559149442
-1313.882090625587
-1313.882090625587
-1313.882090625587
-1313.882090625587
-1313.882090625587
-1313.882090625587
-1313.882090625587
-1314.1126846262105
-1314.1126846262105
-1314.1126846262105
-1314.1126846262105
-1314.1126846262105
-1314.1126846262105
-1314.1126846262105
-1314.1126846262105
-1314.1126846262105
-1314.1126846262105
-1316.2946876014257
-1316.2946876014257
-1316.0544977625682
-1316.0544977625682
-1316.0544977625682
-1316.0544977625682
-1316.0544977625682
-1316.0544977625682
-1316.0544977625682
-1316.0544977625682
-1316.0544977625682
-1316.0544977625682
-1316.0544977625682
-1316.0544977625682
-1316.231248502444
-1316.231248502444
-1316.231248502444
-1316.231248502444
-1316.231248502444
-1316.231248502444
-1316.7973410455245
-1316.7973410455245
-1314.8430756964615
-1314.8430756964615
-1314.8430756964615
-1314.8430756964615
-1314.8430756964615
-1314.8430756964615
-1314.8430756964615
-1314.8430756964615
-1314.8430756964615
-1316.0399910488916
-1316.4779634872789
-1316.4779634872789
-1315.0965828385247
-1317.4480856475711
-1315.6072755608743
-1315.6072755608743
-1316.12884889219
-1318.0186866046374
-1317.9789605354963
-1316.567910170646
-1316.567910170646
-1316.567910170646
-1316.567910170646
-1316.567910170646
-1314.2794593927044
-1314.9647388761564
-1314.9647388761564
-1316.1741194835631
-1316.1741194835631
-1316.1741194835631
-1315.9238399979909
-1315.9238399979909
-1315.9238399979909
-1315.9238399979909
-1315.9238399979909
-1316.5161849655703
-1316.5161849655703
-1314.2594369585818
-1316.3437091666397
-1316.3437091666397
-1316.3437091666397
-1314.5810053270184
-1313.2561894904038
-1313.2561894904038
-1313.2561894904038
-1313.2561894904038
-1313.2561894904038
-1313.2561894904038
-1313.2561894904038
-1313.2561894904038
-1312.5353672663953
-1312.5353672663953
-1312.5353672663953
-1312.5353672663953
-1312.5353672663953
-1312.5353672663953
-1315.7904940404967
-1315.7904940404967
-1315.7904940404967
-1317.7066313284638
-1318.0811296132617
-1316.3132067545814
-1316.3132067545814
-1315.552193894076
-1315.552193894076
-1312.7343702336548
-1312.7343702336548
-1312.7343702336548
-1312.7343702336548
-1312.7343702336548
-1312.7343702336548
-1312.7343702336548
-1312.7343702336548
-1312.7343702336548
-1312.7343702336548
-1312.7343702336548
-1312.7343702336548
-1312.7343702336548
-1312.7343702336548
-1315.5862131669885
-1313.84656333316
-1313.84656333316
-1313.84656333316
-1313.84656333316
-1313.84656333316
-1313.84656333316
-1313.84656333316
-1313.84656333316
-1314.26965051206
-1314.26965051206
-1314.26965051206
-1314.26965051206
-1314.26965051206
-1316.196850356786
-1316.196850356786
-1316.196850356786
-1315.8289577118885
-1313.3748591527665
-1313.3748591527665
-1313.3748591527665
-1311.6520137448288
-1311.6520137448288
-1311.6520137448288
-1311.6520137448288
-1314.6009258525216
-1314.6009258525216
-1314.6009258525216
-1314.6009258525216
-1313.1178722003328
-1313.1178722003328
-1313.1178722003328
-1313.340448915203
-1313.3596869657445
-1311.8421091402345
-1311.8421091402345
-1311.8421091402345
-1311.8421091402345
-1311.8421091402345
-1311.8421091402345
-1311.8421091402345
-1311.8421091402345
-1313.4856590704119
-1313.4856590704119
-1315.7970265110107
-1313.1258314510358
-1313.1258314510358
-1313.1258314510358
-1313.1258314510358
-1313.1258314510358
-1313.1258314510358
-1313.1258314510358
-1313.1258314510358
-1313.1258314510358
-1313.1258314510358
-1313.1258314510358
-1313.1258314510358
-1313.1258314510358
-1313.1258314510358
-1313.1258314510358
-1313.1258314510358
-1313.1258314510358
-1313.1258314510358
-1313.1258314510358
-1313.1258314510358
-1313.1258314510358
-1313.1258314510358
-1309.8364099867708
-1312.5628280771607
-1312.5628280771607
-1313.5854371041228
-1312.863899760729
-1312.863899760729
-1312.863899760729
-1312.863899760729
-1312.863899760729
-1312.5249945411665
-1312.5249945411665
-1312.5249945411665
-1312.5249945411665
-1312.5249945411665
-1312.5249945411665
-1312.5249945411665
-1312.5249945411665
-1312.5249945411665
-1313.0756916417768
-1313.0756916417768
-1313.0756916417768
-1313.0756916417768
-1313.5517519374894
-1313.5517519374894
-1313.5517519374894
-1313.5517519374894
-1313.5517519374894
-1313.5517519374894
-1313.5517519374894
-1313.5517519374894
-1313.5517519374894
-1312.8328279508178
-1312.8328279508178
-1312.8328279508178
-1312.8328279508178
-1312.8328279508178
-1312.8328279508178
-1312.8328279508178
-1312.8328279508178
-1312.8328279508178
-1312.8328279508178
-1312.8328279508178
-1314.5016273991246
-1314.5016273991246
-1313.0251521674923
-1313.0251521674923
-1315.6612948047216
-1315.6612948047216
-1315.6612948047216
-1315.139016181112
-1315.8172012082944
-1315.8172012082944
-1315.8072207208763
-1312.5939836221626
-1312.5939836221626
-1312.5939836221626
-1312.5939836221626
-1312.5939836221626
-1312.5939836221626
-1312.5939836221626
-1312.5939836221626
-1312.5939836221626
-1312.5939836221626
-1312.5939836221626
-1312.5939836221626
-1312.5939836221626
-1312.5939836221626
-1312.5939836221626
-1312.5939836221626
-1312.5939836221626
-1312.5939836221626
-1312.5939836221626
-1312.5939836221626
-1312.5939836221626
-1312.5939836221626
-1312.5939836221626
-1312.5939836221626
-1312.5939836221626
-1312.5939836221626
-1312.5939836221626
-1312.5939836221626
-1312.5939836221626
-1315.009106538282
-1315.009106538282
-1315.009106538282
-1315.009106538282
-1315.009106538282
-1315.009106538282
-1315.009106538282
-1315.009106538282
-1315.009106538282
-1315.009106538282
-1314.5701333853408
-1314.5701333853408
-1314.5701333853408
-1318.3021805585834
-1318.3021805585834
-1318.3021805585834
-1318.3021805585834
-1318.3021805585834
-1318.3599899177693
-1317.9436867089946
-1317.9436867089946
