-444.0711652886757
-181.33388658415424
-125.45581999047697
-125.45581999047697
-125.308443440737
-114.0086599758458
-107.35374746657708
-106.44296973878537
-106.44296973878537
-106.44296973878537
-106.44296973878537
-107.77746747240998
-107.77746747240998
-108.09521012209865
-111.05431988594115
-111.05431988594115
-111.05431988594115
-111.05431988594115
-111.05431988594115
-111.05431988594115
-109.65236541044165
-108.99675596709831
-108.99675596709831
-108.99675596709831
-108.99675596709831
-108.99675596709831
-108.99675596709831
-108.99675596709831
-108.99675596709831
-108.99675596709831
-108.21093604803461
-108.21093604803461
-108.21093604803461
-108.21093604803461
-108.21093604803461
-108.21093604803461
-108.21093604803461
-108.21093604803461
-106.99352405779341
-106.99352405779341
-106.99352405779341
-106.99352405779341
-106.99352405779341
-107.84343374199607
-107.84343374199607
-107.84343374199607
-107.84343374199607
-107.84343374199607
-107.84343374199607
-107.84343374199607
-107.84343374199607
-107.84343374199607
-107.84343374199607
-107.84343374199607
-107.84343374199607
-107.84343374199607
-107.84343374199607
-107.84343374199607
-107.84343374199607
-107.84343374199607
-107.84343374199607
-107.84343374199607
-107.84343374199607
-107.84343374199607
-107.84343374199607
-107.84343374199607
-107.84343374199607
-107.84343374199607
-109.61163260827611
-109.61163260827611
-109.61163260827611
-109.56728572384245
-109.56728572384245
-109.56728572384245
-109.56728572384245
-109.56728572384245
-109.56728572384245
-110.72210389574138
-109.57395573390146
-109.57395573390146
-109.57395573390146
-109.57395573390146
-109.57395573390146
-109.57395573390146
-109.57395573390146
-109.57395573390146
-110.35288166153813
-109.7397140053754
-109.7397140053754
-106.90062441118172
-106.90062441118172
-106.90062441118172
-106.90062441118172
-106.90062441118172
-106.90062441118172
-106.90062441118172
-106.90062441118172
-106.90062441118172
-106.90062441118172
-106.90062441118172
-106.90062441118172
-106.90062441118172
-106.90062441118172
-106.90062441118172
-105.94605421551191
-105.94605421551191
-106.7648943350247
-106.7648943350247
-106.7648943350247
-106.7648943350247
-106.7648943350247
-106.7648943350247
-106.7648943350247
-106.7648943350247
-106.7648943350247
-106.7648943350247
-106.7648943350247
-106.7648943350247
-106.7648943350247
-106.7648943350247
-106.7648943350247
-106.7648943350247
-106.7648943350247
-110.5265982266188
-110.5265982266188
-110.00337187210928
-110.00337187210928
-110.00337187210928
-109.31744075392865
-109.31744075392865
-109.31744075392865
-110.84964587155929
-110.84964587155929
-110.84964587155929
-109.69403438067341
-110.1737189901915
-110.1737189901915
-110.72245872383252
-110.26904876859636
-110.26611126811919
-109.64694341842169
-108.3861479370006
-108.3861479370006
-108.3861479370006
-108.3861479370006
-108.3861479370006
-108.3861479370006
-108.3861479370006
-108.3861479370006
-108.3861479370006
-108.3861479370006
-108.3861479370006
-108.3861479370006
-108.3861479370006
-108.3861479370006
-108.3861479370006
-108.3861479370006
-108.3861479370006
-108.3861479370006
-108.3861479370006
-108.74237183019005
-108.74237183019005
-108.78240750678252
-108.78240750678252
-108.33607294759541
-108.33607294759541
-108.33607294759541
-108.33607294759541
-108.33607294759541
-108.33607294759541
-108.33607294759541
-108.33607294759541
-108.33607294759541
-108.33607294759541
-108.33607294759541
-108.33607294759541
-109.8854014540661
-109.83788703555538
-109.46770037315218
-109.57187215190052
-108.90578544811605
-108.90578544811605
-110.18574494254908
-110.18574494254908
-110.18574494254908
-110.18574494254908
-110.9550183022185
-110.21187264627376
-110.21187264627376
-108.83131476013192
-110.07146785064137
-109.79077128529367
-112.71127700023895
-111.15143067646488
-112.06240916537773
-111.36105856658185
-111.36105856658185
-111.36105856658185
-111.15265136361137
-111.15265136361137
-111.15265136361137
-111.15265136361137
-112.65492841834546
-112.34556717801262
-113.9104456146585
-113.9104456146585
-115.89280593162255
-114.77100779880591
-114.77100779880591
-114.77100779880591
-116.2754905893848
-112.6559152056561
-112.40776696442785
-113.57341501103647
-112.56859164730962
-113.51947744816678
-111.84112417697511
-114.2316219264147
-114.2316219264147
-114.2316219264147
-114.2316219264147
-112.27597184722963
-112.27597184722963
-112.44024437883704
-112.75972612521296
-108.80793664326735
-109.40472672695495
-109.40472672695495
-109.40472672695495
-109.40472672695495
-109.40472672695495
-109.40472672695495
-109.40472672695495
-109.40472672695495
-109.40472672695495
-109.40472672695495
-108.18239710365687
-108.18239710365687
-107.92154727047897
-107.92154727047897
-107.92154727047897
-107.92154727047897
-107.92154727047897
-107.92154727047897
-107.92154727047897
-108.75300316539473
-109.67729072961508
-109.67729072961508
-109.67729072961508
-110.04664752201306
-110.04664752201306
-111.7852905312829
-108.1605498477071
-106.47764986720837
-106.47764986720837
-106.47764986720837
-106.47764986720837
-106.47764986720837
-106.47764986720837
-106.47764986720837
-106.47764986720837
-106.47764986720837
-106.47764986720837
-107.3351591773833
-107.3351591773833
-107.3351591773833
-107.3351591773833
-107.3351591773833
-109.71480503673986
-109.43374323303938
-109.43374323303938
-111.52081676123734
-111.52081676123734
-109.67986418228826
-110.21788217248846
-110.16742752445128
-110.16742752445128
-110.16742752445128
-110.16742752445128
-110.16742752445128
-110.45007337907758
-110.45007337907758
-110.45007337907758
-110.81957617326972
-110.81957617326972
-110.81957617326972
-110.93462384850008
-110.93462384850008
-109.95541803375299
-109.95541803375299
-109.95541803375299
-109.95541803375299
-109.95541803375299
-110.08749987898233
-110.08749987898233
-110.08749987898233
-110.08749987898233
-110.08749987898233
-110.08749987898233
-110.08749987898233
-110.08749987898233
-110.08749987898233
-111.07340401651821
-111.07340401651821
-111.07340401651821
-111.07340401651821
-111.07340401651821
-111.07340401651821
-111.07340401651821
-112.38938442381031
-112.38938442381031
-112.38938442381031
-113.51757458482061
-113.51757458482061
-114.54085240526976
-114.55267491570376
-115.32039284332359
-109.6250259981176
-109.6250259981176
-110.3091777830094
-112.03268468373979
-112.16907940686495
-112.63193099453805
-112.63193099453805
-112.63193099453805
-113.34780660113293
-115.11688099594404
-115.11688099594404
-115.83365429760129
-115.83365429760129
-114.99740627589162
-117.85324321568962
-114.46250480003779
-114.46250480003779
-117.4621883513267
-116.41943967775374
-116.2651843667196
-116.2651843667196
-116.1198389282822
-116.1198389282822
-115.01507489142807
-115.59516624864396
-112.52923782305886
-112.52923782305886
-111.50588408735803
-110.07603918010176
-107.7793659964803
-107.7793659964803
-107.7793659964803
-108.37226779962978
-108.87515884077754
-108.87515884077754
-110.57677928354067
-110.57677928354067
-107.69444185828978
-109.66653405371994
-109.66653405371994
-109.66653405371994
-109.82982511413914
-109.82982511413914
-109.82982511413914
-107.97298376089194
-107.73227053935955
-107.73227053935955
-107.73227053935955
-107.73227053935955
-107.73227053935955
-107.73227053935955
-107.73227053935955
-107.73227053935955
-107.73227053935955
-107.73227053935955
-107.73227053935955
-107.73227053935955
-107.73227053935955
-107.73227053935955
-108.8843447636709
-108.8843447636709
-108.34737465423447
-108.34737465423447
-108.34737465423447
-108.34737465423447
-108.34737465423447
-107.79565938517115
-107.79565938517115
-109.92113120434382
-109.92113120434382
-109.6232431332576
-109.6232431332576
-108.97169942882151
-108.97169942882151
-108.2978608683159
-108.2978608683159
-108.2978608683159
-108.30772906265898
-108.30772906265898
-106.77537413938477
-106.77537413938477
-106.77537413938477
-106.77537413938477
-106.77537413938477
-106.77537413938477
-106.77537413938477
-106.77537413938477
-106.77537413938477
-106.77537413938477
-106.77537413938477
-106.77537413938477
-106.77537413938477
-106.77537413938477
-106.77537413938477
-107.97254585839754
-107.41999240888774
-107.41999240888774
-108.52389332490473
-108.52389332490473
-107.46967211120037
-107.46967211120037
-107.46967211120037
-109.73268021507234
-109.73268021507234
-110.46943464897836
-106.473772692533
-107.64292678460264
-107.64292678460264
-107.64292678460264
-107.64292678460264
-107.64292678460264
-107.64292678460264
-107.64292678460264
-107.64292678460264
-107.64292678460264
-107.64292678460264
-108.70874312532334
-108.70874312532334
-107.78291721367242
-107.78291721367242
-107.78291721367242
-107.78291721367242
-107.78291721367242
-107.78291721367242
-107.78291721367242
-107.78291721367242
-107.78291721367242
-107.78291721367242
-107.78291721367242
-107.78291721367242
-107.78291721367242
-107.78291721367242
-107.78291721367242
-107.78291721367242
-107.78291721367242
-107.78291721367242
-107.78291721367242
-107.78291721367242
-107.78291721367242
-107.78291721367242
-107.78291721367242
-107.78291721367242
-107.78291721367242
-107.78291721367242
-107.29738825452625
-107.29738825452625
-107.29738825452625
-107.29738825452625
-107.29738825452625
-107.29738825452625
-107.76738039378364
-107.76738039378364
-107.76738039378364
-107.83120629524888
-107.83120629524888
-107.83120629524888
-108.36071529701326
-108.36071529701326
-108.36071529701326
-108.36071529701326
-108.36071529701326
-108.36071529701326
-108.36071529701326
-108.36071529701326
-106.4942502736003
-106.4942502736003
-106.4942502736003
-106.4942502736003
-106.4942502736003
-106.4942502736003
-109.71848916712635
-109.71848916712635
-109.71848916712635
-107.96105116502343
-107.96105116502343
-107.96105116502343
-108.72192429988041
-108.72192429988041
-106.24743915221427
-106.24743915221427
-106.24743915221427
-106.24743915221427
-106.24743915221427
-106.24743915221427
