-257.91193752183807
-124.20810464869372
-122.97897221908426
-118.75397567227935
-119.8141532247204
-120.27736165856675
-120.77147499477162
-120.77147499477162
-120.77147499477162
-121.36250781058584
-121.36250781058584
-117.79481913086695
-117.79481913086695
-117.79481913086695
-117.79481913086695
-117.79481913086695
-117.79481913086695
-116.21973678920985
-116.21973678920985
-116.21973678920985
-117.50128800540159
-112.60830020700328
-112.60830020700328
-112.60830020700328
-112.60830020700328
-113.93811176390176
-111.06055996001831
-111.30631281219806
-111.30631281219806
-111.30631281219806
-111.30631281219806
-112.4846578294361
-112.4846578294361
-113.22904021274431
-113.22904021274431
-113.22904021274431
-112.6107543514581
-113.67961601818529
-113.67961601818529
-108.98293067012797
-108.98293067012797
-112.58527335291059
-112.58527335291059
-112.58527335291059
-113.89786077805165
-113.89786077805165
-113.89786077805165
-111.24287286376986
-110.32243328924598
-110.32243328924598
-110.32243328924598
-110.32243328924598
-107.70734669022924
-109.87006046210193
-109.87006046210193
-109.87006046210193
-109.87006046210193
-109.87006046210193
-109.87006046210193
-108.93528799664233
-107.99691786636357
-107.99691786636357
-107.99691786636357
-107.99691786636357
-107.99691786636357
-107.99691786636357
-107.99691786636357
-107.99691786636357
-107.99691786636357
-107.99691786636357
-107.99691786636357
-107.99691786636357
-107.99691786636357
-107.99691786636357
-107.99691786636357
-107.99691786636357
-107.99691786636357
-107.99691786636357
-107.99691786636357
-107.99691786636357
-107.99691786636357
-107.99691786636357
-111.50158825563179
-111.50158825563179
-111.50158825563179
-112.17560665304862
-113.4277261823695
-111.91114390964366
-110.63238934357318
-109.71591075395958
-109.71591075395958
-110.14050273402728
-110.14050273402728
-109.85787818249325
-112.08497032354973
-108.13822021809955
-108.13822021809955
-108.13822021809955
-108.13822021809955
-108.13822021809955
-108.13822021809955
-108.37569294600763
-108.37569294600763
-108.37569294600763
-108.37569294600763
-108.37569294600763
-108.37569294600763
-108.37569294600763
-108.37569294600763
-108.37569294600763
-108.37569294600763
-108.37569294600763
-108.37569294600763
-108.37569294600763
-108.3904535007567
-108.3904535007567
-108.3904535007567
-108.3904535007567
-109.84891331990583
-109.84891331990583
-109.84891331990583
-109.84891331990583
-109.97787561859256
-109.68460653820381
-109.68460653820381
-109.21920048961003
-108.79782052165184
-108.79782052165184
-108.79782052165184
-108.79782052165184
-108.79782052165184
-109.43318792769112
-109.43318792769112
-109.64211522950819
-109.64211522950819
-109.64211522950819
-111.70042993497374
-114.3966854733351
-113.42660108299863
-110.3644394275624
-111.42936108770778
-111.42936108770778
-107.55753284372454
-107.55753284372454
-107.55753284372454
-107.55753284372454
-107.55753284372454
-107.55753284372454
-107.55753284372454
-107.55753284372454
-107.55753284372454
-109.1308262681679
-109.1308262681679
-108.16213753228685
-110.13224379985799
-108.66303909512762
-110.06701536241435
-107.1729916944982
-108.33348126832993
-108.33348126832993
-108.33348126832993
-109.5817642790218
-109.5817642790218
-109.75808074624592
-107.94913650998488
-107.94913650998488
-107.94913650998488
-106.82768283065144
-106.82768283065144
-106.82768283065144
-107.0519559755648
-107.0519559755648
-107.0519559755648
-106.353294463679
-107.858158366384
-107.858158366384
-106.0049110505837
-106.0049110505837
-106.0049110505837
-106.0049110505837
-106.0049110505837
-106.0049110505837
-106.0049110505837
-106.0049110505837
-106.0049110505837
-106.0049110505837
-106.0049110505837
-106.0049110505837
-106.0049110505837
-106.0049110505837
-106.0049110505837
-106.0049110505837
-106.0049110505837
-106.0049110505837
-106.0049110505837
-106.0049110505837
-106.0049110505837
-106.0049110505837
-106.0049110505837
-106.0049110505837
-106.0049110505837
-108.01456117950325
-108.01456117950325
-108.01456117950325
-108.9498765858589
-108.9498765858589
-108.67752807538082
-111.99149785760062
-111.99149785760062
-111.99149785760062
-111.99149785760062
-111.99149785760062
-111.99149785760062
-111.99149785760062
-111.99149785760062
-111.99149785760062
-108.59819112587093
-108.59819112587093
-107.3247681715913
-109.6408024590874
-108.31899845105686
-111.22041376870442
-111.80283550680113
-111.80283550680113
-111.80283550680113
-111.80283550680113
-111.80283550680113
-111.80283550680113
-111.80283550680113
-111.80283550680113
-111.80283550680113
-111.80283550680113
-111.6977957067655
-111.6977957067655
-111.6977957067655
-111.4219187735782
-110.36950843780949
-109.01314386892808
-109.01314386892808
-109.01314386892808
-109.01314386892808
-109.01314386892808
-109.01314386892808
-109.01314386892808
-109.01314386892808
-109.01314386892808
-110.54783013866923
-110.54783013866923
-106.95460445835096
-106.95460445835096
-106.95460445835096
-106.95460445835096
-106.95460445835096
-106.95460445835096
-106.95460445835096
-106.95460445835096
-106.95460445835096
-106.95460445835096
-107.84721933531505
-107.84721933531505
-111.02846544400458
-111.02846544400458
-111.02846544400458
-111.02846544400458
-110.75169822181101
-110.75169822181101
-106.25340908935631
-106.25340908935631
-106.25340908935631
-106.25340908935631
-106.25340908935631
-106.25340908935631
-106.25340908935631
-106.25340908935631
-106.9496955520627
-106.9496955520627
-106.9496955520627
-106.9496955520627
-106.9496955520627
-106.9496955520627
-106.9496955520627
-106.9496955520627
-106.9496955520627
-106.9496955520627
-107.40287769785617
-107.40287769785617
-107.40287769785617
-107.40287769785617
-108.78716929288113
-108.78716929288113
-108.78716929288113
-108.91276261769896
-108.91276261769896
-107.4755719849833
-107.4755719849833
-107.4755719849833
-107.4755719849833
-107.4755719849833
-107.4755719849833
-107.4755719849833
-107.4755719849833
-107.4755719849833
-107.4755719849833
-107.4755719849833
-107.4755719849833
-107.4755719849833
-107.4755719849833
-107.4755719849833
-107.4755719849833
-107.4755719849833
-107.4755719849833
-107.4755719849833
-107.4755719849833
-107.4755719849833
-107.4755719849833
-107.4755719849833
-107.4755719849833
-107.4755719849833
-107.4755719849833
-107.4755719849833
-107.12955438204969
-107.6053446997429
-110.29481222017033
-110.29481222017033
-110.57823637551924
-109.53852842486815
-109.53852842486815
-108.71925451687073
-108.5367783178963
-109.74089048975978
-109.79331031425902
-109.79331031425902
-110.24389564594088
-110.58842508359
-109.95463120193158
-109.95463120193158
-107.88172616387328
-107.88172616387328
-107.88172616387328
-107.53469407409553
-108.71351506538201
-110.330637183437
-112.24542649648386
-112.24542649648386
-112.24542649648386
-116.44345797105521
-107.53526732416192
-109.67590932319384
-111.28634958595163
-111.82641194559365
-111.35439487636069
-109.6123963818688
-109.6123963818688
-109.21873074423196
-109.21873074423196
-108.14524167313043
-108.14524167313043
-107.68801170540227
-107.68801170540227
-107.68801170540227
-108.01392529015949
-108.01392529015949
-108.01392529015949
-108.01392529015949
-108.01392529015949
-108.01392529015949
-108.01392529015949
-108.92072428979654
-108.92072428979654
-108.92072428979654
-108.92072428979654
-108.08610697710537
-108.08610697710537
-106.14281538572615
-104.84755460715981
-104.84755460715981
-104.84755460715981
-104.84755460715981
-104.84755460715981
-104.84755460715981
-104.84755460715981
-104.84755460715981
-104.84755460715981
-106.80035812814677
-106.80035812814677
-106.95383723985218
-106.95383723985218
-108.56923696239484
-108.44463126816835
-108.44463126816835
-108.44463126816835
-109.59723416958145
-109.59723416958145
-109.59723416958145
-109.86263019290506
-109.13266199424427
-110.09219250234548
-110.09219250234548
-108.86390044605754
-108.86390044605754
-108.86390044605754
-108.8479277993124
-108.8479277993124
-108.8479277993124
-108.8479277993124
-108.8479277993124
-109.67788243094574
-109.67788243094574
-109.67788243094574
-109.55971702263389
-109.55971702263389
-109.55971702263389
-109.55971702263389
-109.55971702263389
-109.55971702263389
-109.55971702263389
-111.14527758789328
-111.75699280650238
-107.61257557916568
-107.61257557916568
-107.61257557916568
-111.80235119737395
-111.80235119737395
-111.57215658760393
-111.57215658760393
-108.53629859075669
-108.53629859075669
-110.07526959960502
-110.07526959960502
-108.85352626001634
-110.05292529938544
-110.05292529938544
-110.05292529938544
-109.59791693474823
-108.6948727562191
-108.6948727562191
-108.6948727562191
-108.6948727562191
-107.97740187022482
-107.97740187022482
-108.87169333774249
-108.27073611386916
-108.27073611386916
-108.27073611386916
-108.27073611386916
-109.9905792677202
-109.9905792677202
-108.16964902294163
-108.49836599846132
-108.49836599846132
-111.82338384089333
-109.73389690558423
-109.73389690558423
-109.73389690558423
-109.4441601924153
-109.4441601924153
-109.4441601924153
-109.4441601924153
-109.4441601924153
-109.4441601924153
-109.4441601924153
-108.73784541045279
-109.30659582039885
-109.30659582039885
-109.30659582039885
-109.30659582039885
-111.52040342172273
-106.63548943788578
-106.63548943788578
-106.63548943788578
-106.63548943788578
-106.63548943788578
-106.63548943788578
-106.63548943788578
-106.63548943788578
-106.63548943788578
-106.63548943788578
-106.63548943788578
-106.63548943788578
-106.63548943788578
-106.63548943788578
-106.63548943788578
-106.63548943788578
-106.63548943788578
-106.63548943788578
-106.63548943788578
-106.63548943788578
-106.63548943788578
-106.63548943788578
-106.63548943788578
-106.63548943788578
-106.63548943788578
-106.63548943788578
-106.63548943788578
-106.63548943788578
-106.63548943788578
-106.63548943788578
-106.63548943788578
-106.63548943788578
-106.63548943788578
-106.63548943788578
