-120.33320641642128
-120.33320641642128
-119.6586809212136
-115.2874998035388
-115.88416027761666
-115.4812586750049
-114.56118783300724
-113.82201298202929
-113.82201298202929
-112.56751205227289
-114.07071619230086
-111.03728702153201
-113.90433212948847
-111.08428922184008
-108.42597358076077
-110.56346180353657
-110.56346180353657
-111.13877639248803
-111.68049514393358
-111.68049514393358
-106.48185728709738
-106.48185728709738
-106.48185728709738
-106.48185728709738
-106.48185728709738
-108.16113863447045
-108.16113863447045
-108.16113863447045
-107.79816062885433
-112.03553338955477
-112.7883211606886
-111.76456610670607
-111.76456610670607
-108.80832358587305
-108.80832358587305
-109.67339454705287
-109.67339454705287
-109.67339454705287
-109.67339454705287
-109.67339454705287
-109.67339454705287
-109.67339454705287
-108.7008166812951
-108.7008166812951
-109.01742305900807
-109.01742305900807
-109.01742305900807
-109.01742305900807
-109.01742305900807
-111.02435231168073
-111.02435231168073
-111.15044849414159
-110.92449504683027
-110.92449504683027
-110.92449504683027
-110.92449504683027
-112.20523246541784
-112.20523246541784
-112.20523246541784
-112.20523246541784
-112.20523246541784
-112.28268626366274
-113.95761032037635
-114.82148876315958
-114.82148876315958
-113.04841604856665
-112.6282345560804
-110.74855751098625
-110.74855751098625
-109.54524697931865
-109.54524697931865
-110.1839768765021
-111.11671892928831
-111.11671892928831
-110.81331137753054
-110.81331137753054
-110.81331137753054
-110.88817502045619
-110.41353510846042
-110.49828449664841
-111.20689352998089
-111.20689352998089
-108.66846565342337
-108.66846565342337
-108.66846565342337
-108.66846565342337
-108.66846565342337
-108.66846565342337
-108.66846565342337
-111.80462255115727
-111.32479300087596
-111.21910577570777
-115.00500258992021
-112.76368238730987
-111.59220298095461
-113.13410649953366
-111.46363740884586
-110.10732535293023
-110.10732535293023
-110.10732535293023
-110.10732535293023
-110.10732535293023
-110.10732535293023
-110.10732535293023
-110.10732535293023
-110.10732535293023
-110.10732535293023
-110.10732535293023
-110.10732535293023
-110.10732535293023
-110.10732535293023
-110.10732535293023
-110.10732535293023
-110.10732535293023
-110.10732535293023
-110.10732535293023
-110.35468688745748
-110.35468688745748
-110.35468688745748
-110.35468688745748
-110.35468688745748
-110.35468688745748
-110.35468688745748
-110.35468688745748
-110.35468688745748
-110.79205337478116
-110.79205337478116
-110.79205337478116
-110.79205337478116
-110.6024225699081
-110.6024225699081
-108.35140621746484
-108.35140621746484
-108.35140621746484
-108.35140621746484
-109.65439144576615
-108.97732306376476
-108.97732306376476
-107.61954444137315
-107.61954444137315
-107.61954444137315
-111.14158361473045
-111.14158361473045
-111.14158361473045
-107.30410959145186
-107.30410959145186
-107.30410959145186
-107.30410959145186
-107.30410959145186
-107.30410959145186
-107.30410959145186
-107.30410959145186
-107.30410959145186
-107.30410959145186
-107.30410959145186
-107.30410959145186
-107.30410959145186
-107.30410959145186
-107.30410959145186
-106.9310633992546
-106.97276270944502
-106.97276270944502
-106.97276270944502
-106.97276270944502
-106.97276270944502
-106.97276270944502
-106.97276270944502
-106.97276270944502
-106.97286530463154
-106.97286530463154
-106.97286530463154
-106.97286530463154
-106.97286530463154
-106.97286530463154
-106.97286530463154
-106.97286530463154
-106.97286530463154
-106.97286530463154
-106.97286530463154
-106.97286530463154
-106.97286530463154
-106.85325853828364
-109.78365160428594
-109.78365160428594
-109.78365160428594
-109.78365160428594
-109.97003732745428
-112.63049419581588
-109.08199901070428
-110.02858110174002
-111.71440777982664
-109.4010572192263
-109.4010572192263
-109.4010572192263
-109.4010572192263
-110.70924499532036
-110.70924499532036
-110.70924499532036
-110.70924499532036
-108.68460162343162
-108.68460162343162
-108.68460162343162
-108.68460162343162
-108.68460162343162
-108.68460162343162
-108.67004568388904
-110.2325102110078
-108.79275133454458
-108.79275133454458
-108.79275133454458
-108.79275133454458
-108.79275133454458
-108.79275133454458
-112.77394923306481
-112.77394923306481
-108.93313672907016
-108.93313672907016
-108.93313672907016
-108.93313672907016
-108.12965915290799
-108.12965915290799
-108.12965915290799
-108.12965915290799
-108.12965915290799
-108.12965915290799
-108.12965915290799
-108.12965915290799
-108.12965915290799
-108.12965915290799
-108.12965915290799
-108.12965915290799
-108.12965915290799
-108.12965915290799
-108.12965915290799
-108.12965915290799
-108.12965915290799
-108.12965915290799
-108.12965915290799
-108.12965915290799
-108.51567495455502
-108.51567495455502
-106.51811028178945
-106.51811028178945
-106.51811028178945
-106.51811028178945
-106.51811028178945
-106.51811028178945
-106.51811028178945
-106.51811028178945
-106.51811028178945
-106.51811028178945
-106.51811028178945
-106.51811028178945
-106.51811028178945
-106.51811028178945
-106.51811028178945
-106.51811028178945
-106.51811028178945
-106.42548743924291
-106.42548743924291
-106.42548743924291
-106.42548743924291
-106.42548743924291
-106.42548743924291
-106.42548743924291
-106.42548743924291
-106.42548743924291
-106.42548743924291
-106.42548743924291
-106.42548743924291
-106.42548743924291
-106.42548743924291
-106.42548743924291
-106.42548743924291
-106.42548743924291
-106.42548743924291
-106.42548743924291
-106.42548743924291
-106.42548743924291
-106.42548743924291
-106.42548743924291
-106.42548743924291
-106.42548743924291
-106.78401761438583
-106.78401761438583
-106.78401761438583
-106.78401761438583
-106.78401761438583
-106.78401761438583
-106.78401761438583
-106.78401761438583
-106.78401761438583
-106.78401761438583
-106.78401761438583
-106.78401761438583
-106.78401761438583
-106.78401761438583
-106.78401761438583
-106.78401761438583
-106.78401761438583
-106.78401761438583
-106.78401761438583
-106.78401761438583
-106.78401761438583
-106.78401761438583
-106.78401761438583
-106.78401761438583
-106.78401761438583
-106.78401761438583
-107.87105637870302
-107.87105637870302
-107.87105637870302
-107.87105637870302
-105.64112306368678
-105.64112306368678
-105.64112306368678
-105.64112306368678
-105.64112306368678
-105.64112306368678
-105.64112306368678
-105.64112306368678
-105.64112306368678
-105.64112306368678
-106.01320277842287
-106.01320277842287
-106.01320277842287
-106.01320277842287
-106.01320277842287
-106.01320277842287
-106.01320277842287
-108.42815142652623
-108.42815142652623
-108.02806939814178
-107.14876207411874
-107.14876207411874
-107.14876207411874
-107.14876207411874
-107.14876207411874
-107.14876207411874
-108.38095384949054
-108.38095384949054
-111.65565658243158
-111.65565658243158
-111.49180137704384
-111.49180137704384
-109.66299988417965
-109.66299988417965
-111.11589808874662
-111.12944919550509
-111.21740079445952
-111.21740079445952
-111.17144476182696
-111.17144476182696
-111.52421877534678
-111.52421877534678
-112.44493447957552
-111.10527091343944
-110.64571679289587
-110.64571679289587
-111.99871667278717
-111.99871667278717
-109.37900475975216
-109.37900475975216
-110.03065964454869
-110.03065964454869
-110.03065964454869
-110.03065964454869
-110.03065964454869
-109.65538705812968
-109.65538705812968
-109.65538705812968
-109.65538705812968
-110.82062519284881
-112.37050156155465
-112.4298267126693
-112.4298267126693
-105.59487719286022
-105.59487719286022
-109.65695254298126
-109.65695254298126
-109.65695254298126
-109.65695254298126
-108.11698843294577
-108.21834497203757
-108.21834497203757
-108.21834497203757
-108.21834497203757
-108.21834497203757
-108.21834497203757
-110.1344949212516
-109.4547124854106
-111.96352769186781
-106.34187783542818
-106.34187783542818
-107.66938082922375
-107.66938082922375
-107.6044114352588
-107.6044114352588
-107.6044114352588
-109.87923777753751
-109.03930118777829
-107.78475337360183
-107.78475337360183
-107.78475337360183
-107.78475337360183
-107.78475337360183
-107.78475337360183
-107.78475337360183
-107.78475337360183
-107.78475337360183
-109.43705717186184
-109.43705717186184
-109.39716098770522
-111.48011643349012
-108.94215372853915
-108.94215372853915
-108.94215372853915
-108.94215372853915
-108.94215372853915
-108.50411624045711
-108.50411624045711
-110.0772051947147
-110.15100625119253
-110.15100625119253
-110.15100625119253
-110.15100625119253
-109.74683225488583
-108.71446403449991
-108.71446403449991
-108.71446403449991
-108.71446403449991
-108.71446403449991
-107.77057259695928
-107.77057259695928
-107.77057259695928
-107.77057259695928
-107.77057259695928
-107.77057259695928
-107.77057259695928
-107.77057259695928
-107.77057259695928
-107.77057259695928
-107.77057259695928
-107.77057259695928
-107.77057259695928
-107.77057259695928
-107.77057259695928
-107.77057259695928
-107.77057259695928
-107.77057259695928
-109.16481882673804
-108.30853777062144
-108.30853777062144
-108.30853777062144
-108.30853777062144
-108.30853777062144
-108.30853777062144
-108.30853777062144
-108.30853777062144
-108.30853777062144
-108.30853777062144
-108.30853777062144
-107.0742012033993
-109.99044245852299
-109.99044245852299
-109.99044245852299
-109.99044245852299
-109.99044245852299
-109.85190658024587
-109.85190658024587
-109.85190658024587
-109.85190658024587
-110.36887303895803
-110.6744571661931
-110.49519141189431
-110.49519141189431
-109.05270192849444
-109.05270192849444
-109.05270192849444
-108.82044478148957
-108.82044478148957
-108.82044478148957
-108.82044478148957
-110.11713183673125
-108.7547941117666
-108.44216115215106
-108.44216115215106
-108.44216115215106
-108.23375426911869
-108.23375426911869
-108.23375426911869
-107.56115228257032
-107.56115228257032
-107.56115228257032
-107.56115228257032
-107.56115228257032
-107.56115228257032
-107.56115228257032
-107.56115228257032
-107.56115228257032
-107.56115228257032
