-645.6983104156146
-341.8819769237688
-165.04060376901805
-165.04060376901805
-168.84131146727273
-138.45126661815576
-122.24939622992176
-114.16647776865935
-117.09149713148386
-111.4930301531287
-111.4930301531287
-111.4930301531287
-111.4930301531287
-111.4930301531287
-110.40766553098126
-110.40766553098126
-110.40766553098126
-110.40766553098126
-109.43643729550406
-109.43643729550406
-109.43643729550406
-109.43643729550406
-109.43643729550406
-109.43643729550406
-109.43643729550406
-109.43643729550406
-109.43643729550406
-109.43643729550406
-109.66115357768905
-110.08436351915277
-109.10671095597354
-109.10671095597354
-109.10671095597354
-109.10671095597354
-113.58217256582353
-109.56790127960745
-111.03996150391684
-111.03996150391684
-109.52808552051465
-109.52808552051465
-108.8524165039089
-108.8524165039089
-108.8524165039089
-109.23943660345242
-107.64504087991911
-107.64504087991911
-109.09171256781106
-109.09171256781106
-108.53922931856548
-106.98309284248535
-106.98309284248535
-106.98309284248535
-106.98309284248535
-106.98309284248535
-106.98309284248535
-106.98309284248535
-106.98309284248535
-106.98309284248535
-106.75053527630243
-106.75053527630243
-106.75053527630243
-106.75053527630243
-106.75053527630243
-106.75053527630243
-106.75053527630243
-106.75053527630243
-106.75053527630243
-106.75053527630243
-106.75053527630243
-106.75053527630243
-106.75053527630243
-106.75053527630243
-106.77724381590475
-106.77724381590475
-106.77724381590475
-106.77724381590475
-106.77724381590475
-106.77724381590475
-106.77724381590475
-106.77724381590475
-106.77724381590475
-106.77724381590475
-106.77724381590475
-106.77724381590475
-106.77724381590475
-106.77724381590475
-106.77724381590475
-106.7689035316176
-106.7689035316176
-106.7689035316176
-106.53249631451791
-106.53249631451791
-106.53249631451791
-106.53249631451791
-106.53249631451791
-108.84449928737885
-108.84449928737885
-108.84449928737885
-108.84449928737885
-108.84449928737885
-108.84449928737885
-109.49617157946452
-110.87825373124913
-105.24665948985567
-105.24665948985567
-105.24665948985567
-105.24665948985567
-105.24665948985567
-105.24665948985567
-105.24665948985567
-105.24665948985567
-105.24665948985567
-105.24665948985567
-105.24665948985567
-105.24665948985567
-105.24665948985567
-105.24665948985567
-105.24665948985567
-105.24665948985567
-105.24665948985567
-105.24665948985567
-105.24665948985567
-105.24665948985567
-105.24665948985567
-105.24665948985567
-105.24665948985567
-105.24665948985567
-105.24665948985567
-105.24665948985567
-105.24665948985567
-105.24665948985567
-105.24665948985567
-105.24665948985567
-105.24665948985567
-105.24665948985567
-105.24665948985567
-105.24665948985567
-105.24665948985567
-105.24665948985567
-105.24665948985567
-105.24665948985567
-105.24665948985567
-105.24665948985567
-107.80448315766546
-108.62742050221385
-108.62742050221385
-108.62742050221385
-108.62742050221385
-108.62742050221385
-108.62742050221385
-108.62742050221385
-108.62742050221385
-108.62742050221385
-108.62742050221385
-108.62742050221385
-110.35239162188999
-110.35239162188999
-110.35239162188999
-110.35239162188999
-108.559702588497
-108.559702588497
-108.559702588497
-108.559702588497
-108.559702588497
-108.559702588497
-108.559702588497
-108.559702588497
-108.559702588497
-113.15248135753338
-113.15248135753338
-113.15248135753338
-112.85256772093209
-112.85256772093209
-111.93649840714038
-111.7300608953342
-111.7300608953342
-111.7300608953342
-109.00482931601478
-109.00482931601478
-109.00482931601478
-110.56941089471691
-111.33716074704391
-110.82483014727237
-110.82483014727237
-109.58315958400189
-109.58315958400189
-109.58315958400189
-109.58315958400189
-109.58315958400189
-109.59661480188652
-109.59661480188652
-109.59661480188652
-109.59661480188652
-109.59661480188652
-109.59661480188652
-109.59661480188652
-109.59661480188652
-112.82905790292975
-112.82905790292975
-112.82905790292975
-112.82905790292975
-112.82905790292975
-111.56912303157664
-111.56912303157664
-112.18589656138792
-112.18589656138792
-112.18589656138792
-112.18589656138792
-112.18589656138792
-112.18589656138792
-112.18589656138792
-112.18589656138792
-112.18589656138792
-112.2035933375637
-112.2035933375637
-110.20097074862224
-110.20097074862224
-110.20097074862224
-110.20097074862224
-110.20097074862224
-110.20097074862224
-110.20097074862224
-110.20097074862224
-110.20097074862224
-110.20097074862224
-109.9664674657639
-109.9664674657639
-109.9664674657639
-109.9664674657639
-109.9664674657639
-109.9664674657639
-109.9664674657639
-109.9664674657639
-110.28271986942926
-107.78503763723646
-107.78503763723646
-107.78503763723646
-108.85029810166594
-108.85029810166594
-108.85029810166594
-108.85029810166594
-108.85029810166594
-108.85029810166594
-108.85029810166594
-110.61531911699063
-111.87956123485138
-111.93397118942647
-109.10260621846174
-109.10260621846174
-110.51156829654656
-110.51156829654656
-109.53078773236311
-114.14056470981558
-114.14056470981558
-110.56958703579784
-110.56958703579784
-107.7585338307174
-107.7585338307174
-107.7585338307174
-107.7585338307174
-107.7585338307174
-108.4392141720104
-109.39207479369219
-109.39207479369219
-109.39207479369219
-109.39207479369219
-110.84669829035488
-109.09784075272317
-109.09784075272317
-109.09784075272317
-109.09784075272317
-109.09784075272317
-109.09784075272317
-109.09784075272317
-110.91559665138698
-110.91559665138698
-110.91559665138698
-109.07536159784253
-110.15385429156333
-110.15385429156333
-110.15385429156333
-110.11908011214545
-110.11908011214545
-110.11908011214545
-107.23664111903337
-107.23664111903337
-107.23664111903337
-107.23664111903337
-107.23664111903337
-107.23664111903337
-107.23664111903337
-107.23664111903337
-107.23664111903337
-107.23664111903337
-107.23664111903337
-107.23664111903337
-107.23664111903337
-107.23664111903337
-107.23664111903337
-109.24881477603259
-109.24881477603259
-109.24881477603259
-109.24881477603259
-109.24881477603259
-109.24881477603259
-107.90580459148022
-107.90580459148022
-107.90580459148022
-107.90580459148022
-107.90580459148022
-107.90580459148022
-107.90580459148022
-107.90580459148022
-107.90580459148022
-107.90580459148022
-107.90580459148022
-107.90580459148022
-107.90580459148022
-107.90580459148022
-107.90580459148022
-107.90580459148022
-107.90580459148022
-107.90580459148022
-107.90580459148022
-107.90580459148022
-107.90580459148022
-107.90580459148022
-107.90580459148022
-107.90580459148022
-107.90580459148022
-107.90580459148022
-107.90580459148022
-107.90580459148022
-107.90580459148022
-107.90580459148022
-107.90580459148022
-107.90580459148022
-107.90580459148022
-107.90580459148022
-107.09871356605352
-107.09871356605352
-107.09871356605352
-108.18504854509914
-107.71555484809136
-107.71555484809136
-108.8971294736241
-108.8971294736241
-108.8971294736241
-108.8971294736241
-108.8971294736241
-108.8971294736241
-108.8971294736241
-108.8971294736241
-108.8971294736241
-108.8971294736241
-108.8971294736241
-108.8971294736241
-108.8971294736241
-108.8971294736241
-108.8971294736241
-108.8971294736241
-108.83080443095918
-108.83080443095918
-108.83080443095918
-108.83080443095918
-108.83080443095918
-108.83080443095918
-108.83080443095918
-110.5672020783532
-110.5672020783532
-110.5672020783532
-110.5672020783532
-110.5672020783532
-109.01897021529636
-109.01897021529636
-109.01897021529636
-109.01897021529636
-108.388301574657
-108.388301574657
-108.388301574657
-108.388301574657
-108.388301574657
-108.388301574657
-108.388301574657
-108.388301574657
-108.388301574657
-108.388301574657
-109.43055561741176
-109.43055561741176
-109.43055561741176
-109.43055561741176
-109.43055561741176
-109.43055561741176
-109.43055561741176
-109.43055561741176
-109.43055561741176
-109.43055561741176
-109.43055561741176
-109.43055561741176
-109.43055561741176
-109.43055561741176
-109.43055561741176
-109.43055561741176
-109.43055561741176
-109.43055561741176
-109.43055561741176
-109.43055561741176
-109.43055561741176
-109.43055561741176
-109.43055561741176
-109.43055561741176
-109.43055561741176
-109.43055561741176
-109.43055561741176
-109.43055561741176
-109.43055561741176
-109.43055561741176
-109.43055561741176
-109.43055561741176
-109.43055561741176
-109.43055561741176
-109.43055561741176
-109.43055561741176
-109.43055561741176
-107.9843115842438
-107.9843115842438
-107.9843115842438
-107.9843115842438
-107.9843115842438
-107.9843115842438
-107.9843115842438
-107.9843115842438
-107.9843115842438
-108.65538119716747
-108.65538119716747
-108.65538119716747
-108.65538119716747
-108.65538119716747
-108.65538119716747
-108.65538119716747
-108.65538119716747
-108.65538119716747
-108.65538119716747
-108.65538119716747
-108.65538119716747
-108.65538119716747
-108.65538119716747
-108.65538119716747
-108.65538119716747
-108.65538119716747
-108.65538119716747
-108.65538119716747
-108.65538119716747
-108.65538119716747
-108.65538119716747
-108.65538119716747
-108.65538119716747
-108.65538119716747
-108.65538119716747
-108.65538119716747
-108.65538119716747
-108.65538119716747
-108.65538119716747
-108.65538119716747
-108.65538119716747
-108.65538119716747
-108.65538119716747
-108.65538119716747
-108.65538119716747
-108.99971049337758
-110.8721639254877
-110.8721639254877
-110.8721639254877
-110.8721639254877
-110.8721639254877
-110.8721639254877
-109.98963154500383
-109.00590872335228
-109.00590872335228
-109.00590872335228
-109.00590872335228
-109.00590872335228
-109.00590872335228
-109.00590872335228
-109.00590872335228
-109.00590872335228
-110.16072176275091
-107.2596021184298
-107.2596021184298
-107.2596021184298
-107.2596021184298
-107.2596021184298
-107.2596021184298
-107.2596021184298
-107.2596021184298
-107.2596021184298
-107.2596021184298
-107.2596021184298
-107.2596021184298
-108.69799348769835
-108.69799348769835
