-424.36377034050133
-424.52874502472457
-423.9241592759632
-424.1635332815667
-423.80648501510916
-423.7002437945808
-422.9156254856729
-422.9156254856729
-422.7702031288016
-421.36371563635646
-421.36371563635646
-420.5184084018906
-420.375324266932
-421.45344726886907
-422.92410179130496
-420.91607058617734
-420.6612837162867
-420.2430778839985
-420.0978909392378
-420.91642435110936
-419.509673923088
-419.509673923088
-420.60259296203407
-421.4969277952426
-421.59792493411976
-422.11115592962733
-420.8025025911865
-420.295348880708
-420.1089881631907
-421.0766315307799
-420.114743885437
-423.4939546630929
-422.31422510872983
-421.39643656187616
-421.1377740013961
-422.1554206715441
-421.39349812727454
-421.283712696741
-421.21501044052405
-420.81517953702945
-420.4619816441978
-421.87506610053316
-421.3211021535099
-421.1103423654021
-421.4652074853426
-420.51228213630566
-420.6215572876404
-420.91467456396884
-421.6004433664788
-420.05916196745693
-419.87457344445795
-422.34408498487744
-423.46030135202915
-423.46030135202915
-422.5169476772918
-422.5169476772918
-422.70339179823736
-422.70339179823736
-420.29912227333153
-420.29912227333153
-420.29912227333153
-421.98388746800714
-420.51861100264887
-420.9733489551475
-423.7497383284122
-423.49036594754966
-422.3187976736829
-421.9684278926055
-421.3611313566164
-421.6972149436264
-423.1019769424326
-421.7282877831194
-421.7282877831194
-420.7253451718609
-422.7012592516018
-420.9599431082714
-420.678012180596
-419.4228209001731
-421.87772807076936
-419.25147322134245
-419.25147322134245
-421.0791609389815
-419.8640416160964
-419.85917372747735
-419.2410248378619
-419.49642296044806
-420.4774601626672
-420.22626073708506
-421.26320810747706
-420.5585459765735
-419.9185529041436
-419.9185529041436
-420.1587645832585
-420.1587645832585
-420.6774376293159
-420.38969381500345
-420.9781517775052
-421.72372444446205
-419.86974497576864
-420.00406558509223
-420.1949626855739
-419.8213619200836
-420.18198109454505
-420.3621458007579
-421.37367624356204
-419.2543571354844
-421.1521933839997
-421.48885858757353
-420.798711381231
-420.2174974239709
-420.922308536835
-421.4206730578152
-421.1521679143157
-420.5832206178978
-421.30314621864505
-421.67967448753694
-420.58018459523174
-420.27785225760476
-421.14636465786526
-421.1945131070576
-420.9347709469941
-420.3875045397334
-418.9858874383956
-419.62832473165116
-420.9982678517712
-419.92157113413725
-418.8422755801538
-418.8422755801538
-421.322817915896
-419.50758757934335
-419.6219428436212
-418.8510274463883
-418.8665360756741
-419.9395320752955
-420.5586760176508
-421.1690054470693
-420.4163255065075
-419.2789170769166
-419.2789170769166
-419.2789170769166
-419.2789170769166
-420.30431921203444
-420.5928590484912
-420.267887251569
-419.8492234154373
-418.8934540557885
-421.2244560192851
-420.51622440269415
-420.2451872662911
-422.789450521313
-420.62240062948183
-420.62240062948183
-420.80365793290014
-419.2694290602308
-419.2694290602308
-420.39577800502565
-418.832486633027
-418.832486633027
-419.7640667070624
-422.0777644789001
-421.2912129331315
-421.073820936373
-421.1261897012839
-421.08765700371873
-421.08765700371873
-419.9513271513967
-420.5397829696378
-420.9080938118564
-421.72303788349
-423.03663495884524
-421.363316930155
-420.4018471050321
-420.098992094945
-418.44695169111503
-418.89989418730875
-419.5732847773675
-419.5732847773675
-422.6756151277363
-420.4584335303326
-420.13243024964567
-419.9326927282851
-419.672005720544
-420.0061753960781
-420.1173259600891
-418.40819733880556
-421.25568030344175
-418.990659621294
-420.1777005321591
-420.2640927830913
-421.7539989751593
-419.881485187248
-419.1406671400812
-420.62480291328336
-420.82783322481737
-420.46166564660285
-419.5410700239484
-419.69402200406313
-419.69402200406313
-419.29148584429157
-421.9216950224407
-419.7029318125707
-419.8836180058993
-419.8836180058993
-418.9820721827364
-418.4869911058288
-418.38040318826995
-418.38040318826995
-418.38040318826995
-421.2524834987092
-421.1383580901594
-420.5361433970369
-421.3333498886439
-419.66456926614666
-420.13016251852
-421.540401285734
-420.78075369473953
-420.1181930212132
-420.17136334397753
-420.6330344720612
-422.0074927902445
-420.02789110589936
-421.5481504907254
-422.14965270206636
-422.2001428522419
-422.7478591096976
-421.924629738707
-419.77650854913884
-421.14524938516814
-421.7483806580659
-421.7483806580659
-423.1002706445313
-419.4186221546261
-419.95013885842445
-419.97433501117825
-419.656304855419
-420.265010776108
-419.28129858086083
-419.10212387787243
-419.5845285061599
-421.00708907993015
-420.12731642656223
-419.4430073277938
-419.5721056548714
-419.5721056548714
-417.5978857670712
-418.4236134070381
-418.4236134070381
-418.4236134070381
-418.4675036122054
-420.19271566394724
-420.0674826532349
-419.64451795586234
-420.4662426372582
-421.8947712629669
-418.6667460554435
-418.66588888428674
-418.66588888428674
-418.664314932016
-417.347960699951
-417.347960699951
-417.347960699951
-417.347960699951
-419.97357225876874
-420.2140188951382
-418.896042203837
-418.896042203837
-418.9894206851943
-420.6344654438429
-421.1899212157207
-421.6828206467886
-421.6828206467886
-421.6828206467886
-421.6828206467886
-422.6953622937794
-419.8655648590301
-421.5033869515298
-420.8264370405159
-422.13604491946296
-420.6643029707873
-421.05241356768767
-421.5759151716962
-421.422105517311
-421.97601412083304
-422.17178446080277
-422.1765307422093
-421.9724770117007
-422.2978733669149
-422.2978733669149
-422.4451820157707
-421.34400950004607
-420.62785942170905
-420.62785942170905
-420.2409902279244
-420.52570925089657
-420.1933386493709
-421.1210827817655
-422.6946832204801
-421.71700375786224
-421.2327607177793
-420.47372711178787
-420.41562490072323
-420.889222523954
-421.9103783050611
-419.6769103154524
-420.43595216423574
-419.8874169559311
-421.28342245019303
-421.8576977388318
-422.9649476676952
-421.53914121895025
-420.095389431971
-420.93086602266067
-420.3049753769716
-420.3479789484543
-421.7728937740758
-423.879629616158
-424.2648004293843
-422.36226568387747
-420.34651877378406
-420.95060342424307
-420.49125592621584
-420.1192727786766
-420.1192727786766
-420.5920443821706
-419.80733175294677
-420.32515969696857
-420.32981774091786
-420.74462223975746
-421.1433181587652
-421.49019601422225
-420.1836833346753
-419.9682442765514
-419.60239080615634
-422.06591380494893
-421.6716005100742
-420.835611696353
-423.27560725655917
-422.5600367050892
-420.9946351709462
-420.8277993532115
-420.8277993532115
-421.15864243123406
-420.8075207615001
-420.9122368223249
-420.90475245710707
-422.3430309796964
-420.50910961830823
-421.01208383107127
-421.01208383107127
-422.11977798473583
-423.6457917232383
-423.0846546777585
-421.888265080151
-421.4233468398191
-420.9290173343383
-419.6871594253955
-420.5922986405534
-419.9407979607358
-420.1516975436402
-419.9788855944088
-423.1874189323925
-423.5749857266406
-423.0124423204338
-423.0124423204338
-424.13374697111044
-423.5001735636264
-421.9234319551471
-421.3527423995789
-424.129028602577
-422.74285559921077
-420.3065780497952
-420.6542076347949
-421.08704823250446
-421.97536262653887
-421.6085455181061
-421.34279411112345
-421.17753330832664
-420.65014447638214
-418.98322640984185
-418.98322640984185
-418.86866961215406
-419.90300091711254
-420.87189318031955
-419.32213980679063
-420.12656940158433
-421.78576250252235
-422.07661767837686
-423.96935160272005
-421.69522446432836
-423.7089227545508
-420.5822270926055
-422.34002435334764
-419.5608513343717
-419.3355806701146
-420.3252243978924
-419.74188215241
-422.06718987904264
-420.0881215786627
-419.5152419642974
-419.5152419642974
-420.38704083027034
-419.72755649321994
-418.7536404870458
-421.6126849360728
-420.2124142575094
-420.2962671496093
-419.4801612958829
-419.4801612958829
-421.3115098886908
-421.1426599638269
-421.1426599638269
-420.27183033082144
-417.58761035174615
-417.58761035174615
-417.58761035174615
-417.58761035174615
-417.58761035174615
-419.39534177884747
-421.6592590950165
-420.4714116131025
-421.47620909007577
-420.8286414883513
-420.1261557400559
-420.41183252568766
-420.52217881500354
-420.02093981958495
-421.89156828717387
-424.0225587889838
-422.17285056777115
-423.2856121096152
-421.79230075972276
-422.4026803121627
-421.0070151886937
-421.58135051495134
-420.6605455211819
-421.9804644957109
-421.4689375913471
-423.4373286028853
-425.531613329907
-421.98349687023705
-422.9450637588986
-421.0977526857495
-420.95281262342485
-420.44989214474197
-421.2579087440468
-422.1903390937211
-421.31120111288936
-422.38920940593044
-421.4277492608486
-420.3361908266867
-418.60497349194884
-419.529573707132
-419.3069442688381
-419.7362667023483
-419.73235387137913
-421.24485421436646
-419.28248833257766
-419.5720298875225
-419.3172538179577
-420.1293172695646
-419.86783805154846
-423.80552171406976
-422.6056061652095
-422.65219702698516
-421.7811043977854
-420.8996332695814
-422.6742921382449
-421.7676806880567
-422.29947860996924
-421.723221907231
-421.3625614655377
-420.8250497801257
-420.8250497801257
-423.57722933820213
-421.6603501587359
-421.4190338428771
-420.47685714932317
-421.0664554809364
-419.9787790223466
-419.9787790223466
-422.0798864527136
-420.4488844587209
-422.5800705965639
-420.43263153755436
-420.61058250428067
-420.7864845641466
-419.6006966611294
-419.6006966611294
-420.5865618045384
-422.13428734897724
-421.6581758862372
-422.44369595467083
-422.3143688064921
-422.2460817288444
-421.7148119982222
-420.7816671830611
-421.80056532303206
-422.9169510301108
-421.7634476747645
-420.2841700005506
-421.701985277995
-420.6124640137908
-422.15628962457527
-422.2727468108348
-421.27475799640155
-421.27475799640155
-421.27475799640155
-423.92319962238435
-421.8358031871866
-421.93238730007914
-420.8605528982066
-420.8605528982066
-419.9607641098167
-420.94339876990847
-422.61111043300383
-421.2708902287533
-421.2484084498091
-420.483175207443
-420.483175207443
-421.3145146593709
-421.13161364980533
-420.0533974987607
-419.9504709185511
-419.51673063141067
-418.9535041017296
-419.3336013639386
-422.11183647792393
-421.43741145253546
-420.70855093929134
-419.1977195251814
-420.3403153160273
-421.41575477749075
-424.45507992328106
-422.5971617108104
-423.1249742788231
-422.00592099961005
-420.4332611286632
-420.0731794795972
-420.82536756996916
-422.47169244386026
-421.2152947435675
-423.60874900977564
-420.4807344083178
-419.97438868797815
-419.97438868797815
-422.4860449649735
-420.6446712990276
-420.3117749276693
-420.2326598769872
-419.3186929906996
-419.1719744670102
-419.6781739010663
-420.4847760886892
-419.8264025214064
-418.7045012750131
-419.73508216531525
-420.4899357955974
-419.2476467000303
-420.40812907672665
-420.74565090404457
-421.22415137917176
-419.6271686126735
-421.0590307250674
-421.19684098560305
-420.3195796560746
-420.34115994465117
-422.04575819427833
-421.58485533346135
-420.8182808837818
-421.42367530363833
-421.23097512914836
-420.86859172392565
-420.69812341117506
-419.4863500142972
-419.3002237021081
-418.9397462475198
-421.4208384820626
-420.51255022456894
-420.30431626293324
-419.8711720194163
-420.960811742936
-420.9264356252763
-420.3045357197192
-420.4979915004474
-420.67731776239975
-419.9494762608417
-419.8482711969121
-422.01145601553617
-421.2704552060985
-424.5521965110903
-425.28987807444895
-424.75506826755594
-425.78550568915693
-423.7303809283067
-421.72813796724193
-420.31886791118166
-418.9918127091605
-421.2219533471104
-420.7637160330541
-422.1731273449327
-422.69590244939087
-421.85996805591463
-423.3305294422806
-421.24242696841
-421.24242696841
-421.24242696841
-421.24242696841
-420.86093783449644
-421.74909895998707
-421.28898820791585
-422.3931767904208
-420.483040675005
-423.7062603801324
-422.4247101429023
-420.0058877096003
-420.0058877096003
-419.6235627750802
-420.97379214079353
-424.00979550218244
-420.7629267592108
-420.7750855585713
-419.6936898906963
-419.46099861112845
-419.3210191533199
-420.5006513375982
-420.4987567468516
-419.5578811543384
-421.0897423106771
-419.93926176856746
-420.24979225929803
-419.1484326666132
-418.7530740563892
-419.98591245143456
-419.01409632456296
-420.6463626356295
-419.7535731627772
-419.59624365195555
-420.4670996421484
-420.99897667366554
-419.85631633589105
-420.11212533733783
-420.4908078561278
-418.73557214921516
-418.73557214921516
-418.73557214921516
-418.73557214921516
-418.73557214921516
-418.7776606084177
-419.55656410149976
-420.4290023158825
-419.5653878201688
-420.0898182663001
-419.1387198698923
-420.693184571708
-420.32435422605835
-421.89070646319215
-422.89815553845494
-420.9326005320887
-420.0397558168651
-420.35887089803606
-420.36785257464123
-420.50954339091027
-422.24242642141746
-420.1406060426371
-420.8954969170226
-420.58758006119285
-420.4668375168074
-419.13460158449107
-419.13460158449107
-420.3110058281588
-420.3641313269728
-421.1961419185722
-421.8291251129387
-420.88179571157536
-422.4274514028078
-423.21035969702115
-421.301252892266
-421.301252892266
-420.7738738527738
-420.4548342033009
-420.4548342033009
-423.1828693577785
-422.82470383308794
-422.9797405353132
-422.04505335112515
-420.04580299453806
-420.04580299453806
-420.04580299453806
-420.04580299453806
-420.04580299453806
-423.13545924783966
-420.122451293173
-421.59367109022446
-421.4643757253377
-420.9812584419087
-421.5665217617151
-421.01962398136374
-420.2112106811911
-420.5881680857497
-421.40647552754257
-421.8491678299512
-421.786632813419
-419.69324086205046
-420.43295184196234
-420.43295184196234
-420.9976823471434
-420.8015816963334
-420.8015816963334
-420.3233381648033
-419.286033634629
-421.5911402563038
-424.08601809608047
-420.4595809784688
-421.6151333997464
-420.00985267400864
-419.8731109136609
-421.74256018363695
-420.9875816891382
-420.7601927699584
-419.09548285927053
-419.09548285927053
-421.8913904926214
-419.53789944093296
-422.7782023812245
-420.9995267062637
-420.9995267062637
-420.433982270945
-421.34005017844174
-420.63790450509026
-420.97860121019926
-421.9775672839582
-422.1379004982052
-422.1379004982052
-423.828204115723
-422.10188312078344
-422.8703346390864
-421.5370362493597
-421.7120968181513
-421.57732793688217
-421.57732793688217
-421.53366578809215
-422.84379394501235
-423.6410736253262
-420.8607773078076
-420.8607773078076
-425.1113334094315
-421.66774066529035
-422.5260968339781
-422.58548579377174
-420.9533561414976
-421.63764005517663
-422.16529372062814
-422.0569299670893
-423.20310799199507
-423.35388210533955
-420.73007811770407
-421.41324523823516
-420.66159007678664
-420.66159007678664
-420.66159007678664
-421.10018622959586
-420.9497956584176
-422.2360164434867
-422.65458973386615
-421.6013139759442
-424.0234580252937
-423.00424035999873
-421.530578040545
-421.58129336468846
-423.52561475949284
-422.4331601807463
-421.37782195022027
-421.37782195022027
-421.4805416458015
-421.4677062519486
-421.65721370184735
-421.1776016689106
-421.1697570087736
-420.7915791378837
-420.7915791378837
-420.7915791378837
-420.7915791378837
-425.7083041471103
-420.0683484563928
-420.9889570758789
-420.2904524577203
-421.29263569557406
-420.6402784137089
-421.1906172818828
-421.062952987332
-421.02215948926056
-421.23820381524
-422.2218123744461
-422.96862645311586
-420.00197105556896
-420.1332773558475
-420.4970981499797
-420.1643920435734
-420.50515508884257
-420.8616612340897
-422.62848089802105
-427.1482390220917
-428.0195381840706
-427.2143569822521
-427.45180944112417
-422.6996491023704
-424.2523514683595
-423.1256024018568
-423.2013933881155
-423.2013933881155
-422.50912381321547
-421.28805438009067
-424.08995226541253
-424.08995226541253
-424.1597810117823
-425.22272890822023
-427.1701565726426
-428.3337325645409
-424.6588535647187
-425.9990714705966
-425.74129279326326
-425.5169105408673
-425.5488455275932
-424.6794651023007
-428.060035449363
-426.8352401936889
-424.76287562526943
-425.7052585524478
-424.6321615776767
-424.14912314009695
-423.65100227080285
-423.6725225055291
-422.18296621767485
-421.63549820748005
-422.8727854125946
-421.3520840122418
-423.0027168852621
-421.42687236978117
-421.42687236978117
-420.76114342787156
-420.76114342787156
-420.76114342787156
-421.567536993086
-422.5080285455098
-422.4869166124112
-423.17525634259925
-426.38079799636154
-424.9676963410883
-425.3482752123318
-425.3482752123318
-423.4982213641336
-422.7329296461617
-422.6903208598626
-423.9225802617685
-422.66903916239767
-422.8953288317013
-423.8301234591275
-423.8301234591275
-423.42325516664414
-423.84777443461854
-422.7151579380284
-422.7151579380284
-421.8083403014177
-423.49425230627185
-422.5352509195374
-423.71273864432
-425.6535290294218
-422.2721041350036
-422.2721041350036
-422.39518607880916
-421.1054729144488
-420.28203476769283
-420.28203476769283
-420.0037242975347
-420.25904353650174
-419.85955881305864
-421.84380500879627
-419.6003079325683
-420.48305747192256
-420.2891674789533
-421.46583362536154
-423.4792069145015
-421.7435237560674
-421.33542132538133
-419.614754973292
-422.5844606157565
-419.81596975450276
-419.81596975450276
-419.94357015283373
-419.91154053767394
-418.8635550967709
-419.5228587697422
-419.65889649720276
-419.9763423995734
-419.87484460144333
-419.714900199342
-421.1978272874954
-419.1169878331395
-419.1634951834342
-420.55609914489
-418.4497586287127
-418.4497586287127
-421.6502235664695
-421.8875077915041
-421.81277845484277
-420.8514309501156
-420.7196337069988
-419.840559186363
-419.8981152521012
-420.84481715997373
-421.05000942430866
-419.4037330552236
-419.62336758939193
-419.8468752420929
-419.8468752420929
-420.5817712343374
-420.69870457603145
-420.4279222353859
-420.4279222353859
-420.2851453244941
-420.2851453244941
-420.67509297782584
-420.9617333213603
-419.802504192028
-419.685672694252
-421.03437006433603
-420.04722286486725
-420.5460596553634
-420.2688802264657
-420.14420592877536
-421.0247552297395
-421.1995457783001
-421.80540807029183
-422.0653407502536
-422.04274576718285
-421.52154119842885
-421.498091332071
-421.1861025554995
-421.68173582794367
-422.659129380345
-419.8776980599801
-419.8776980599801
-419.8776980599801
-419.0020747051986
-420.1325403237847
-420.385453646583
-420.14203509786205
-420.14203509786205
-419.5207034342552
-419.81272714116363
-421.053144537601
-419.9961422831938
-420.0298776603851
-420.6861610461014
-420.69825253320965
-421.90825617089337
-420.0945499967333
-418.8246871759391
-421.0111793313164
-420.41668976022106
-420.6469872411633
-419.620615718122
-419.8619088842153
-419.8619088842153
-419.8619088842153
-420.67010129118876
-420.5798088316964
-420.06109386577134
-420.4967555118581
-420.3091750930133
-419.8339942268357
-419.30705050174055
-422.1370113431052
-419.9855354598125
-419.9855354598125
-419.4005130310794
-421.24159199398673
-420.9193638293914
-419.3750420230615
-419.3750420230615
-419.3750420230615
-419.65006936366814
-420.98805745132074
-422.6783427603939
-420.7815291798256
-421.0356183289709
-419.5528262269702
-420.25486571959493
-419.13036337343505
-419.54362990203555
-418.7379974315117
-418.8898365898149
-419.0704610997933
-419.69583728883816
-419.08923674847773
-419.08923674847773
-418.4644972253607
-418.4644972253607
-419.94084058445463
-419.59675182290545
-419.1649838825872
