-1049.3953201209863
-1049.3953201209863
-772.1445451529277
-772.1445451529277
-772.1445451529277
-772.1445451529277
-772.1445451529277
-772.1445451529277
-772.1445451529277
-772.1445451529277
-764.8226601421019
-764.8226601421019
-764.8226601421019
-764.8226601421019
-764.8226601421019
-764.8226601421019
-764.8226601421019
-764.8226601421019
-764.8226601421019
-764.8226601421019
-764.8226601421019
-764.8226601421019
-764.8226601421019
-764.8226601421019
-764.8226601421019
-764.8226601421019
-764.8226601421019
-764.8226601421019
-764.8226601421019
-764.8226601421019
-764.8226601421019
-764.8226601421019
-764.8226601421019
-764.8226601421019
-764.8226601421019
-764.8226601421019
-764.8226601421019
-764.8226601421019
-764.8226601421019
-764.8226601421019
-727.6665152369194
-727.6665152369194
-727.6665152369194
-727.6665152369194
-727.6665152369194
-727.6665152369194
-727.6665152369194
-727.6665152369194
-727.6665152369194
-727.6665152369194
-718.0693690876051
-718.0693690876051
-718.0693690876051
-718.0693690876051
-718.0693690876051
-718.0693690876051
-716.6828848809921
-716.6828848809921
-716.6828848809921
-688.6589244217593
-670.1627572652003
-670.1627572652003
-670.1627572652003
-670.1627572652003
-670.1627572652003
-670.1627572652003
-670.1627572652003
-670.1627572652003
-670.1627572652003
-670.1627572652003
-670.1627572652003
-670.1627572652003
-670.1627572652003
-643.9454292105405
-643.9454292105405
-643.9454292105405
-643.9454292105405
-643.9454292105405
-643.9454292105405
-643.9454292105405
-643.9454292105405
-643.9454292105405
-643.9454292105405
-643.9454292105405
-643.9454292105405
-643.9454292105405
-643.9454292105405
-643.9454292105405
-643.9454292105405
-643.9454292105405
-641.8872494281067
-641.8872494281067
-606.6911174084394
-606.6911174084394
-602.5429380727957
-594.6770962516385
-594.6770962516385
-594.6770962516385
-587.6834659362416
-587.4250715588194
-548.508317126004
-548.508317126004
-529.3996794714835
-529.3996794714835
-529.3996794714835
-529.3996794714835
-522.5446703783485
-522.5446703783485
-481.38291892944454
-481.38291892944454
-481.38291892944454
-470.51692481823704
-452.6412263512253
-443.34377730020583
-444.7753305614595
-437.0097370890616
-430.2483831849913
-429.34235273361185
-427.85795691105994
-425.411796875458
-424.5419277005299
-423.26682945920163
-423.0410196734404
-421.23015853540517
-421.23015853540517
-422.08153673649514
-420.8536827421728
-421.820327011034
-421.4835130039408
-420.4478807727665
-423.48534214319073
-421.7823332708383
-421.49776565747345
-422.29801800393176
-422.33942429304915
-422.77175960701595
-421.41561319334954
-423.0940013375327
-420.5934879614154
-421.13209270914143
-420.98474376436377
-422.7237762794701
-421.5073682919069
-422.97903149469875
-422.803113692099
-421.64898781006644
-422.7598464118003
-422.80528267684724
-420.90241309949795
-419.5843456734003
-421.60642916232615
-419.8025869184886
-421.5588949264114
-421.5726383325257
-422.0436547833635
-421.61936712319635
-421.61936712319635
-420.91414722176086
-421.31582488067846
-420.41850593498145
-420.873711303104
-421.8491447642749
-421.7076539874884
-420.48710895747115
-420.14779067316306
-419.63519182067876
-419.8619755665517
-419.6917291954099
-419.8503452206611
-419.5638778907625
-419.57287273068965
-420.5776279132133
-421.5564446638834
-419.5743714801192
-420.8465684171176
-420.3391243257305
-419.6910958344583
-422.37950576819884
-423.1792465976968
-422.08251516098227
-423.0580138022549
-422.8553690427777
-423.30247814869244
-421.8401152452954
-421.8688803164828
-420.49355490473533
-420.38249302880735
-419.1685112624673
-420.3549748120068
-419.1868742313459
-418.7193128119077
-419.20781029737776
-420.127530778394
-418.974074141875
-418.974074141875
-419.5621425790865
-420.76880957895963
-419.42214556943117
-419.99062602082375
-420.17608912603055
-418.85809398775564
-420.89759654547845
-420.683188676458
-421.30054796556954
-421.44997828650236
-421.5433588539894
-421.8497410248311
-420.39643977168106
-420.3773359832838
-420.0533105507545
-420.35933680374734
-419.9422902127966
-420.0737284264417
-420.0737284264417
-419.52887436759573
-420.17107713081276
-419.2769701779138
-419.7622712911872
-420.1211834982749
-420.55954271554623
-420.8752062094637
-423.93706817107676
-421.7554654317077
-422.10842772583476
-420.5750784916929
-420.04163298633733
-421.48269084762705
-421.51543599647187
-421.0101282232766
-420.78147749948073
-420.8087851453641
-420.87482266282603
-420.3213882615287
-421.82861597376035
-423.0615617070794
-420.9502997887663
-422.1209782571555
-421.44997822237985
-420.53033950908394
-419.75235174007145
-419.5757550185161
-418.6689301824697
-419.3834718225844
-419.65682536878626
-418.6322955100734
-420.91384327200683
-419.31737662157866
-419.266640602292
-420.79796078448095
-420.2636081888075
-419.7545629551753
-422.2354234827401
-419.5518049181106
-419.5518049181106
-419.0755819341745
-420.170179623093
-421.3383710838234
-418.96669473799307
-419.09760178420004
-420.14590564904023
-419.09044475949366
-419.6859032486815
-422.21839847974957
-419.94403903083145
-419.95255344412504
-422.4484629336565
-420.5597572394355
-421.3697312917249
-422.0023939699969
-421.1993016198459
-422.074411288252
-420.7541360416088
-420.5913422221972
-420.8576014163475
-421.0262334727702
-420.7494327187097
-421.040471913762
-420.85080943759584
-421.999456499025
-420.8095564769661
-420.96884454768445
-421.28331734731466
-419.8852723230645
-420.8044005829418
-419.53656116404585
-419.18824304439573
-419.18824304439573
-419.8497896640491
-419.8514539779719
-419.9464704289696
-419.9464704289696
-421.7715445934485
-419.7112356589851
-419.7112356589851
-419.7112356589851
-421.4010082936174
-421.4937618642557
-420.8212418641084
-421.205844093029
-420.85854882568566
-420.2920689590639
-420.4217009130665
-420.60841445871716
-420.10281714112114
-422.1266181003806
-421.43181739133
-420.613909355007
-420.6458667670718
-420.93612747460514
-423.03093538498325
-420.56544950233496
-420.5839984485745
-420.39995606367756
-421.00520740335503
-422.196644225492
-423.2379299971259
-425.1957500574486
-423.06592835617107
-424.29344389958186
-422.97334181258213
-422.3125546488294
-421.8188180567961
-421.108966733302
-420.9751301671538
-420.4784914831844
-422.6483254805235
-420.8778621752178
-422.52428948870954
-421.2475639305621
-424.37810457556304
-421.52940123003236
-421.18424646334915
-422.00878727303274
-421.9779942042642
-421.0013055397197
-420.35713580085013
-419.85783350612496
-419.85783350612496
-421.83419397598203
-421.3957414646324
-419.5669135021493
-421.18706546818487
-420.83406648152396
-422.1228888758266
-422.20630050552603
-423.0557746660295
-422.21892720351343
-421.47813038328707
-421.3130595764616
-421.48868220243565
-421.04943077559886
-421.84691232246354
-421.4273077071987
-423.87077810982123
-424.11193243267263
-422.6161005905875
-422.406491165065
-420.76184060780184
-420.1662572674396
-420.0976884070347
-421.0258159257324
-420.82500738655744
-418.6807312448913
-419.7624055907807
-420.52389933324315
-420.52389933324315
-420.52389933324315
-421.3604584089349
-421.50998613985934
-425.9803813279813
-422.7023666677179
-421.15445729474834
-419.55926736441273
-419.06375900965486
-419.48960695924563
-419.26543216971965
-420.62903714201485
-419.02317398816393
-419.86777812324834
-420.0316375417531
-420.0316375417531
-419.5590712205167
-420.3999792376588
-420.04847236767677
-418.9754681500058
-420.80893487488106
-419.87327280261604
-420.7943533483564
-420.3445499554139
-422.24528310038494
-420.8287913953253
-419.15388553824715
-420.02475215089777
-420.219482274246
-421.00762455179864
-421.025424920757
-421.5298953416932
-420.7669673341166
-418.863102959309
-419.0070456114127
-419.2681515934511
-419.17846259635184
-419.17846259635184
-418.2723423867198
-420.8274943721821
-420.6749648927734
-421.0357519531323
-419.35869647833
-420.09377717654195
-419.9499346568081
-419.04069108369964
-419.05019186200184
-418.6123399602066
-418.6123399602066
-418.6123399602066
-421.59416016286275
-420.7584357838968
-421.9203377397941
-419.3987991171734
-419.4402481873713
-419.4402481873713
-420.5810521379745
-419.11526239387587
-419.78345856419156
-419.5938340831269
-420.027180068265
-421.06461947828484
-421.7259189267151
-421.7259189267151
-421.7259189267151
-421.5201570589939
-421.5201570589939
-421.8261413017911
-419.65164303897575
-419.65164303897575
-419.65164303897575
-420.2147798818794
-420.35119321594266
-420.2343156006643
-419.70197121299685
-420.3688815167392
-420.6584356743127
-422.01211712275887
-422.01211712275887
-421.45526898003504
-420.953360879781
-421.3676578649712
-420.9670240485652
-420.98172210276107
-420.50145166862603
-420.43278484386764
-419.70974746291705
-422.35933776284804
-420.4236387749542
-422.923939248452
-419.81780984257716
-421.3479569482188
-420.4901150993807
-421.25790845678546
-419.25998987688024
-418.7887551040151
-420.0410131868422
-419.6564281162179
-422.2346774017175
-418.9127883481919
-421.0381298271703
-420.9042725400958
-422.1374134730615
-419.9630551099658
-419.9630551099658
-421.50270837226526
-422.07428482034186
-421.3351146725047
-420.30057787281
-419.4552092347883
-419.4552092347883
-420.27761364790666
-420.79477166501835
-419.47020948788895
-420.2570034561347
-420.55049041401946
-422.0491810235124
-420.8516721115301
-420.23399134517
-419.79882099722414
-420.4785904799277
-421.0696289628033
-420.8987395403421
-421.8972087770163
-421.0511356289216
-420.40959968571855
-420.49671954467567
-420.32840474728016
-421.25500716629927
-421.8529217814734
-421.5905421305868
-421.9512138112924
-423.28643525170565
-423.28951446778416
-422.43238237322083
-421.9230357765499
-422.03184751062065
-421.05761059669237
-421.1011391943476
-423.43173964456145
-420.7307795458339
-421.5177013125037
-422.39386953921945
-421.2166015577169
-421.016036900915
-421.6240045670571
-421.1422133069271
-423.1677087652874
-420.0936952227273
-420.4936829330293
-421.58366930299405
-420.233154198979
-419.5278714322328
-421.5637897880078
-419.2047284429116
-419.0195950060615
-419.8026561516602
-419.63165360535555
-419.07087334787303
-419.3117019291162
-419.6644550317359
-419.8138008917716
-419.2696718603834
-420.9056310285401
-419.8345600798219
-419.4782102573538
-420.3727956842794
-419.99876027111776
-418.1381741125113
-419.0094224438278
-418.94077120679384
-419.4457146366406
-419.0361144697806
-421.3564428023487
-417.8124369106424
-419.7872858693078
-419.6143593863382
-419.6143593863382
-421.83672454949686
-420.648379574833
-420.52637946111406
-420.49021173155757
-418.9206025983069
-418.61319649943755
-419.95012508549144
-419.4849824696419
-420.48280782346353
-421.02265448689866
-421.9545022115727
-419.03023122428976
-419.9574609184984
-421.0855185992077
-419.6929844939162
-420.1902685572859
-419.19459970123404
-420.0106195081574
-421.613591266147
-421.62515762760125
-420.6408329727764
-420.05929765722175
-419.9362880876358
-419.0859368725115
-419.00474075054143
-418.2825592265843
-420.2959564353167
-419.63296294884
-419.9090698754439
-419.5782009126405
-419.4637139443805
-419.37548138646247
-420.1615683240743
-419.94771536889226
-419.94374938750553
-420.54538528526245
-420.1100123850716
-421.17852918269796
-420.86531232046127
-420.05775800822414
-420.6264920414892
-420.7183874123845
-418.80953625174567
-420.4145142178349
-420.4257218831632
-421.45782436211107
-422.8805722030738
-420.3817242441669
-421.57235682478336
-420.08381591720564
-419.23574225345055
-419.53599336293615
-420.68554147521803
-420.0654733706089
-419.1827428786931
-419.8576661471671
-419.59702118103587
-421.6520570737759
-421.6524123939223
-422.0917194652463
-420.23913910119273
-422.5995199190528
-421.3628679252229
-421.6657040081944
-420.9254082496337
-421.0624654570765
-421.5412862161764
-421.88409503007813
-420.8360356929407
-421.37250178111645
-420.60829352421445
-421.75476468670837
-420.23676333864023
-420.6631463705844
-420.71173381506867
-420.7435558619262
-421.50784254539843
-420.72080527641305
-419.7165837187839
-419.7165837187839
-420.0506715005187
-419.5973900965832
-419.35514645592184
-419.1589805084622
-419.1589805084622
-418.8957421129202
-418.8957421129202
-419.6975533240387
-419.3150138243795
-419.9456973886762
-420.882957839324
-420.3009232531174
-421.3535038627587
-419.84976402033226
-420.12612481453954
-420.0006372849117
-420.8135328573107
-419.46694572313595
-420.7596378736293
-421.04939648772364
-420.19882233495775
-419.7077872289789
-417.8283081464211
-418.83513280718245
-419.65525251419905
-420.3155498774592
-419.0653113561917
-421.1513273896621
-418.21106179937
-419.254190151703
-419.2830860104222
-420.2611254844814
-421.39896964652195
-421.4454098457867
-421.42810758722834
-422.45517502578076
-422.51874089466173
-421.8244904290992
-420.3715621430379
-419.8139593861495
-419.07745809140187
-419.07745809140187
-419.07745809140187
-418.73068840863755
-418.78169999931015
-421.5236348405652
-421.1233587457608
-419.6640102314739
-420.91088041535795
-420.1406777722591
-420.90842028633296
-421.3539389317519
-421.67567823429073
-421.06948238974246
-421.1950678963635
-419.2948413231097
-419.2948413231097
-419.6657764425968
-420.5990104875612
-421.7079828617028
-419.5139404165472
-420.838823769003
-420.85651866087267
-422.7166726872012
-421.14493143676094
-420.9260795875235
-422.53020546837075
-424.1468048153656
-420.4319672108421
-420.4319672108421
-421.8339961030872
-420.44491708551845
-419.4664577571944
-419.2026992478643
-419.2026992478643
-420.157570407728
-420.327589226172
-424.23179637378615
-425.642720762906
-424.3529908371858
-424.36148767065816
-422.5408798271782
-421.1127210951571
-420.3931955080817
-420.8322972976361
-419.81492736602956
-419.4083925566812
-419.4083925566812
-419.4083925566812
-421.00203827049717
-421.4455139943205
-421.45316155030207
-421.51928896408907
-422.2045899161228
-420.74404971659277
-420.49972406227624
-420.61114804280083
-420.1399483064495
-419.9090033621337
-418.66023526757203
-420.48285345759007
-420.46716294643346
-420.46716294643346
-420.46716294643346
-419.8881678245764
-420.49066879096455
-420.2573724500693
-420.2573724500693
-420.2573724500693
-421.0590330797789
-420.68525081244286
-420.68525081244286
-420.68525081244286
-420.68525081244286
-422.8520490266057
-424.39955593691246
-423.09430830057426
-422.43778894181594
-422.4963969781354
-421.8467944423118
-421.8672462502066
-421.8672462502066
-428.7987338245113
-421.6341099005673
-423.1714747314535
-424.05545239399567
-426.16048742410896
-421.70240877161547
-420.48716157685953
-421.4297334706954
-419.2250500774334
-419.9805365961783
-421.00149589978776
-420.8669561100952
-421.06662902909795
-418.1882556121339
-419.0303927248956
-419.0303927248956
-419.72338671976195
-421.75266889352525
-419.4112677996384
-421.3217628953155
-420.42662822427934
-421.98652105382627
-420.2960369639918
-420.2960369639918
-421.16028819611887
-419.4452101977936
-420.20996248784394
-419.6120683864981
-419.7661534793063
-420.21760865998203
-420.1662532646335
-420.10934202264554
-419.4979156255692
-419.53938731613147
-418.6387029111113
-420.6509208728024
-418.5742891240067
-418.41743143689445
-419.33238399211837
-421.48200529055725
-419.6680083777781
-418.0840674577223
-419.80685307025703
-419.9751731795158
-420.13115755820655
-419.9735887676148
-419.0392790133589
-419.74314825843345
-418.5176198283017
-419.481279811634
-420.2154652550817
-421.121592229174
-420.6612068929248
-419.4242987148908
-419.4242987148908
-421.1310960412672
-421.88634766309946
-420.69138541502286
-420.1858727181567
-420.7386231876388
-419.91575639763033
-419.91575639763033
-419.8288010837368
-421.5738292035519
-421.796722147643
-422.77461872216486
-422.2011445990437
-420.32360850531967
-421.7466970924346
-422.0693601523251
-422.1709234673421
-421.71825645647095
-421.71825645647095
-421.43676396608123
-421.57810561389704
-421.6024298817941
-421.41506901255354
-421.9578767168839
-420.5646477980784
-420.1259627066379
-421.6963664445115
-420.5433411094446
-421.8247668988205
-420.8891949097734
-421.6318468275873
-421.7091472484243
-421.7091472484243
-419.85501556510565
-422.2466400080299
-422.51436418185426
-424.2666461838364
-423.5786659946855
-425.77193156322073
-424.55359744317303
-426.97415541393036
-423.87018086455
-424.21360985189244
-423.20610700216986
-421.94988329946705
-424.3035389658425
-422.4060322525687
-421.98426232259686
-422.21996853865284
-422.99811015433414
-422.5424714879079
-423.61111334710847
-424.3671756951148
-421.43971951061854
-425.1209589584026
-423.0501965106026
-421.7943779781505
-422.6710912310207
-421.86930710373616
-421.23772118783984
-421.829912573872
-420.35191877165545
-421.4387469185763
-420.74130730559824
-422.4393875360182
-421.5629861027638
-422.6347088557383
-422.1035350306864
-421.63188540892963
-420.48416997624827
-420.48416997624827
-421.827667936727
-423.06588338020447
-422.4279315715217
-422.8010879579663
-420.86024575871505
-422.57297932644644
-422.26930353741255
-420.1435796396609
-420.383388312113
-421.5253163783322
-421.0711468791809
-420.6981914904898
-419.89876507835834
-420.5244965395825
-421.8525131857293
-420.98533837698
-423.90427504180866
-421.9447330609602
-421.9447330609602
-423.45601944231356
-423.059258772214
-421.0451325827832
-421.2741166857519
-421.58493036361386
-422.3549721187186
-420.2110304388417
-418.83737161200827
-419.2302798033095
-419.85223581087195
-422.36634167713873
-421.021460419571
-420.5857495574274
-420.82591009329195
-419.0860678447872
-419.0860678447872
-421.02969164605
-423.8494815199326
-422.00782731935317
-420.93316663774016
-420.93316663774016
-420.93316663774016
-420.93316663774016
-420.5181456162214
-420.5181456162214
-421.01827455187924
-421.01827455187924
-420.50924566567085
-420.50924566567085
-420.50924566567085
-420.50924566567085
-420.50924566567085
-420.50924566567085
-420.50924566567085
-420.93784628598576
-421.6066019656652
-420.7960147856643
-420.3011799934875
-420.3011799934875
-420.3011799934875
-422.7553561063349
-422.35254806199566
-421.91240519449
-421.7872220192722
-421.37591848020935
-421.44098472255814
-421.001835976674
-421.92646798649395
-420.2711219962623
-420.2711219962623
-421.64931069658866
-424.37276394409764
-422.9390115433739
-422.9390115433739
-422.8679020333423
-422.1404259740296
-420.610886146877
-420.5268564258158
-421.2944952938489
-420.40671354996323
-423.1676921765623
-422.07555358694117
-422.07555358694117
-421.58075450187675
-421.2248521406766
-421.2248521406766
-421.2248521406766
-421.2248521406766
-421.199705107968
-422.2224613172481
-421.35481005305434
-420.59454257514636
-419.94085003215304
-419.7254194623895
-419.9296321792915
-422.12166687225374
-419.3877508304134
-418.0390388434546
-418.0390388434546
-418.0390388434546
-419.25897715266234
-420.9112993436733
-420.6944002978599
-420.15614395647185
-418.76350127139494
-419.1274311317809
-419.43313067412106
-419.9073786325337
-419.2617729152595
-419.76778152503476
-419.93284925882256
-419.504397354334
-419.504397354334
-419.7993142718558
-420.0623704690231
-419.3307396025678
-421.3557186708096
-420.5444800003106
-420.64262404100185
-420.4625504663095
-420.60546087415725
-420.4097437890679
-420.3092091494089
-421.2109848865866
-421.33624631060627
-421.86089504760156
-421.05289960767055
-422.4974528635988
-421.7513773814405
-421.17668678859263
-422.9154389951477
-422.38725345269376
