-428.94005336401676
-428.6529211028846
-425.50471377928784
-422.66029584421386
-420.9853897831514
-420.27927347871884
-421.55133971884743
-421.274597441565
-422.3651268330235
-422.6732446577065
-425.1698813400294
-424.70241570187954
-422.67925768411993
-421.98879946537323
-421.98879946537323
-421.71280942411715
-421.70339306224133
-423.34288723808214
-421.80363485991353
-421.80363485991353
-422.18508536708407
-422.90748725632443
-423.36438501758744
-421.84554139666704
-420.68771840782114
-419.8856465016748
-420.3037413622665
-422.16737345826505
-423.44353735702526
-422.0418078333939
-421.3470688323146
-420.6372067442474
-420.0951067264665
-419.3708637576324
-420.4536859713123
-421.5002275766779
-420.22450840243516
-421.576408177444
-420.4781345115563
-420.9515980121966
-420.2281664382252
-421.4807900108875
-421.6760892375682
-421.6760892375682
-420.27222756058256
-420.4661402602189
-420.7119982957917
-419.97977369674277
-419.6299380081653
-419.6135873061082
-421.1232858364028
-418.9477377790229
-420.81304650357816
-419.6629998404133
-420.99999249220645
-419.2914290508831
-419.2914290508831
-419.0445332442966
-418.533084658789
-418.533084658789
-418.5127221469648
-419.0220914713205
-418.09843566170645
-418.38372962045054
-418.38372962045054
-420.6966875213407
-419.4625709932056
-419.45817976554736
-419.603162757592
-418.92473160531756
-418.4070321548632
-418.5543330795583
-418.69037786665143
-418.69037786665143
-418.69037786665143
-419.74172802435623
-419.8686144755185
-420.16843601136094
-420.258744005284
-421.1516263011642
-420.87241564659433
-421.9553472227774
-419.89288259861803
-419.84624136845446
-421.41786362382487
-418.3401519165222
-419.16355442745567
-419.8374959942411
-419.48354128877503
-419.31327416576335
-420.3553663893663
-419.4047176915033
-420.67240721830575
-420.2619774690625
-421.51670151756895
-420.9839602230608
-420.9839602230608
-421.7737833245739
-420.9330419279551
-420.76523379361413
-420.97377613373664
-421.42209897977057
-422.15653132346307
-422.15653132346307
-424.47450141394654
-423.497488556307
-423.497488556307
-423.497488556307
-423.1311285418442
-424.1430563328209
-424.3985514403771
-423.01385141786153
-421.6533189249553
-421.6533189249553
-421.6533189249553
-421.6533189249553
-421.6533189249553
-421.6948824391233
-422.08565677138245
-422.2809729352325
-421.7921383738547
-421.7107638838298
-422.85318757397727
-423.18302409893516
-424.2004817672922
-423.75975839019566
-422.6494174032682
-421.1758345203144
-421.1758345203144
-423.8479176881976
-421.09938224754416
-420.8482041162498
-420.3928333997239
-421.90131847189525
-421.82452738682497
-421.42608086869893
-421.5327502382509
-421.6409599364905
-422.07794250011506
-423.15224023565673
-424.7219138045973
-424.7506619982173
-422.3614134887966
-423.2575227641241
-421.3749838971163
-422.23193798814066
-421.7416371174862
-422.7925435675354
-422.04792770789743
-420.655008920526
-419.57879771123106
-419.9495955424388
-420.265358432356
-419.82150381613377
-421.13437098939676
-419.84247778000156
-419.84247778000156
-421.3529859341415
-422.2537132769386
-420.1824222785374
-421.5300728040568
-421.5300728040568
-421.5300728040568
-420.350935184787
-420.350935184787
-420.73238068590723
-420.21517212044415
-420.21517212044415
-421.013381191403
-420.23016094568914
-420.23016094568914
-420.2640578434557
-419.8016503024075
-423.0545120971952
-422.5694121517177
-420.82176456576315
-420.82176456576315
-420.82176456576315
-424.2867570864205
-419.26360206312677
-420.7847202481818
-420.15499353994744
-420.2730703142738
-419.87667259041604
-420.68448894541774
-419.55091315475283
-419.55091315475283
-418.4651619208185
-420.00606827478884
-420.88422490216254
-421.43245317352785
-420.8999222267822
-421.5760133846475
-421.8995056296436
-419.1483780916302
-420.18927571333194
-419.6545466639678
-418.9032643575421
-418.9032643575421
-418.94903783832393
-418.94903783832393
-418.94903783832393
-421.13702576188547
-419.62186312602444
-420.068061804335
-419.875277188053
-419.5780985514247
-419.2368780317197
-418.83586489117204
-419.49563733641054
-419.21928786577234
-420.5161183840744
-420.808188626049
-420.2550448352701
-419.1066165577176
-418.92318554234885
-418.52919685468987
-418.52919685468987
-418.52919685468987
-418.52919685468987
-420.8479571287355
-422.03292706608744
-420.55409622025553
-423.19257591715103
-420.32716559093404
-420.2032477016631
-421.34596543818407
-420.4069548486632
-421.18539274391173
-421.7154832336956
-420.32135451546196
-420.04589021112207
-418.6577608612527
-418.6577608612527
-419.9195527482054
-419.4647817347541
-420.11769355782167
-419.3687664082516
-419.3687664082516
-419.39420720028704
-420.0795218748509
-419.3413494439342
-419.4607541716275
-419.79819537229685
-421.3385876369195
-421.4581257614734
-420.9047967485901
-419.6416351254018
-421.1092775165442
-420.57904596177474
-419.7694513517752
-422.1027595040537
-420.91860628666376
-420.7634913957059
-420.3505156320115
-420.3505156320115
-421.40557009485843
-422.6063358168282
-420.9103277152677
-421.5257160495503
-421.0766118336707
-420.21663118249813
-420.8839121256448
-421.8726380721403
-419.5540236301693
-421.23479577925747
-422.13184927153975
-420.53394471704036
-419.04774411394385
-419.58748125529434
-420.0421694966696
-419.16410801286617
-419.4234236508545
-420.48451905745645
-419.6185211093093
-419.79061165326567
-418.4125117654979
-420.88392640980226
-420.6353177514341
-420.6353177514341
-421.31506274048866
-420.5140566404442
-421.67594102707926
-421.1418461601587
-420.10699739027103
-418.5163168301566
-418.5163168301566
-419.7146005420492
-420.0033159944325
-420.543149159403
-419.16007418097996
-421.8509381563231
-419.3672187819183
-419.8935405408291
-418.44980858380393
-419.7773331951713
-420.2558356289324
-420.26456822774065
-418.48514743017864
-420.07720226627333
-419.10946670470946
-419.10946670470946
-422.10949469106475
-420.22375224892676
-420.436723634988
-420.78973534655194
-420.8572021445939
-420.4041608006819
-421.1083075457602
-421.1083075457602
-421.82191883288357
-421.9156351907822
-422.0979367751812
-422.94894581025676
-420.6616094419762
-420.21731910333176
-420.9800679022669
-420.02137516963234
-421.38328634284943
-420.7873153278999
-421.29155831417665
-418.6440704604582
-420.8022991805031
-420.21696156774084
-420.21696156774084
-420.29645442516204
-419.72995839486197
-420.2682575227242
-420.3306658430494
-419.39266336272925
-420.07227727247033
-421.3502959106265
-420.30483076577
-419.3889371790291
-419.3889371790291
-420.91838593717364
-419.87250315285013
-419.48653814329253
-419.48653814329253
-419.8097200552366
-418.98098848301777
-421.05721209321814
-420.0425429914546
-421.4643556872178
-419.3085945471088
-420.83158209596473
-420.3328515926979
-420.81423214996636
-419.83574192084126
-420.68183763736084
-420.5486493164926
-420.5486493164926
-420.5486493164926
-421.9768000762608
-422.0957332863024
-421.6671807266212
-420.30312301993973
-420.2172492705722
-421.1230357529317
-419.709074826378
-418.72052023363744
-421.45243012404137
-419.7436451479965
-420.12176368947024
-419.4335648348804
-420.74031473491215
-420.64318315026117
-420.59859233445894
-420.1927637521679
-419.88381089026615
-420.8087934659128
-419.84709527266665
-419.84709527266665
-421.15110138897137
-421.55467226985667
-422.29319511222997
-422.29319511222997
-422.2918807030026
-422.27213502230296
-421.4112652582311
-422.37167318324794
-422.8337155996823
-422.049302345961
-422.6302059678061
-422.740865174667
-422.740865174667
-423.39995077041726
-422.76564926443507
-424.7423664706799
-424.6321346010642
-422.60436694556336
-422.8666550521186
-422.0222822780497
-422.0915782408825
-422.0915782408825
-421.4808095652835
-422.3307691615904
-421.96269913163735
-422.1793834068526
-420.82878357424187
-420.82878357424187
-420.8112083922186
-419.9695498172757
-421.79482343928527
-419.8854408168764
-421.21925427146
-420.78558389107536
-420.11195947732114
-420.7798217429424
-419.6838013147189
-420.42294607671556
-420.44836561806227
-420.18308478617075
-419.3864295978848
-419.3864295978848
-421.75734065063943
-419.81827408089333
-419.7001284566301
-420.5199056269404
-420.06354048162973
-420.06354048162973
-421.15035982609885
-421.1249859824507
-420.5856260039832
-419.3251957585949
-419.9420705424575
-420.0403787292254
-420.19720844040836
-420.2302897406176
-420.78324334498427
-420.70302511788606
-419.3528743876343
-420.84198886365454
-420.9154798839708
-421.1992793937948
-421.20400992246863
-421.907003218757
-421.1675007910564
-418.7138200201603
-418.76769406387285
-418.1393182203855
-420.0203618865973
-421.55841365657153
-420.0218145991439
-420.0218145991439
-421.59648048931933
-420.6206564817921
-420.3828221900303
-419.5872060995356
-419.8355599936997
-418.986519329389
-419.11811819780644
-419.4758367484091
-419.1499324882245
-419.68260419987377
-419.44663140490974
-420.91489125965785
-421.56140410162556
-421.56140410162556
-422.15727164544376
-423.2199270478467
-421.98594807302027
-421.65072784328737
-422.5020544111926
-423.3325124557367
-420.8751445926077
-419.7889163864233
-420.84241109591267
-420.04858945739164
-419.72920549093084
-420.5574100988008
-420.55654068504106
-421.1509748123156
-420.4903690918385
-421.3773164086332
-419.8838547345335
-421.29584554285555
-420.5006821293903
-421.69882956886624
-421.95262679878095
-422.29877658354104
-422.29877658354104
-421.8338286046556
-421.65216252904565
-420.1785961002619
-421.10286790192447
-421.16926697528714
-420.22343543300053
-420.22343543300053
-420.22343543300053
-420.22343543300053
-420.22343543300053
-420.8736610662044
-420.264043525893
-420.6478503402165
-421.52443853985807
-421.4640522103684
-420.565829567641
-421.3558332114223
-419.39517376454177
-419.039464681527
-419.05033811006257
-419.05033811006257
-420.58831490050017
-421.0925271863311
-421.6331248431184
-420.68226490205535
-422.4009025544915
-421.25861908585784
-422.094706035014
-422.1461503129565
-420.85904824889883
-420.3276883390833
-421.5418431607933
-421.87045969910577
-422.70177540309714
-424.95676155618816
-424.6309387231264
-420.09673690324337
-419.9353796000925
-419.85609681526955
-422.61874468853546
-421.782955172639
-418.4592141023026
-419.70796917763136
-419.72524842892415
-419.72524842892415
-419.9599807613373
-421.40616814619256
-421.21780927139184
-420.4546329752556
-420.78701648208045
-420.43829099726736
-421.7034154519619
-421.010832967493
-421.70746309695573
-421.1376115752282
-423.1104549287138
-421.4361849068886
-422.270465384741
-424.19519764850736
-425.14223295119285
-422.7830343215539
-422.62586546644457
-421.9839114815165
-421.39826239379886
-421.62792674494
-421.2232085089272
-420.7045529904681
-421.0494271925866
-421.3705708671998
-420.3721109841492
-420.8593039245339
-422.2037538411013
-422.05902231766464
-420.71418995135014
-421.75541811920544
-419.94267680145157
-423.5304822532353
-422.4169159757219
-423.2983720958233
-422.21006417085226
-422.21006417085226
-423.0774485183833
-422.04846370416743
-421.2835764528696
-421.2835764528696
-422.0990705903628
-421.63651714625905
-422.8148084917092
-423.2802657249124
-425.1825109887666
-425.31162268478846
-425.7520489863311
-426.30108175263535
-426.4686836272488
-427.4706084229835
-426.55485241275744
-425.62228493880804
-424.7964418434334
-425.7759137614923
-425.7759137614923
-425.7759137614923
-425.7759137614923
-424.7087918217815
-424.7087918217815
-424.8966365614334
-424.5290306547715
-422.7893209083827
-422.14232602911727
-423.7669655827432
-423.62865452420135
-426.157683581063
-426.8868876800053
-426.68917324109555
-423.20701413291954
-425.32244107876096
-422.5578194967365
-422.45979214142386
-422.9799465024872
-422.24723612188734
-421.9371992184661
-423.13982034517227
-425.3698083835359
-423.80111334882304
-423.2216360956527
-422.7484790825233
-422.20315894443223
-420.5365705316892
-419.7242592182164
-421.54042207935527
-419.2323872202376
-420.12299373967903
-418.43107608513805
-419.61139502176326
-420.86876333148535
-422.01755543276494
-421.5791685983833
-422.55082424826685
-420.546342160479
-420.0930989956543
-419.9982792262737
-421.2473504596534
-419.3837697311592
-420.4943765240747
-420.79759810572824
-419.4840724088892
-419.60911292416137
-420.09201707237844
-420.18315966154347
-422.82667921951247
-420.37716351614813
-419.25655686593143
-418.8109490529971
-419.0658098974147
-419.54654604273543
-420.410002555582
-419.15404116459354
-421.0997345750348
-420.11705430355767
-419.816667997616
-420.2497417787506
-422.02119604384654
-421.0499648330285
-420.8301188668711
-418.9691970110415
-420.5924304516641
-420.61420617785495
-421.2061409016675
-420.0395676953598
-421.41974721317143
-421.35405554190885
-421.4426764430016
-421.36756417248176
-421.58020066508107
-419.896683612552
-422.00936638980374
-422.15069832988394
-421.2277484645411
-422.6114209883437
-420.6446070924319
-419.97664367042137
-420.8736409402559
-419.7517448139243
-419.64397631383656
-419.21163107600415
-420.43723354538
-420.3725790240342
-419.5794479349647
-419.69424335120596
-418.8680907204195
-419.55119062705427
-420.20818513241596
-421.98379029804374
-419.2713524912159
-418.50822812270513
-419.0813095283409
-419.01214658133205
-419.15908767595045
-418.2497938459705
-418.2497938459705
-419.78978129654666
-419.57285787435654
-419.2452587105643
-419.121991291787
-419.121991291787
-420.24360499483055
-420.4449744520568
-420.86367369976676
-420.6989153515476
-420.7301845912622
-419.796666104253
-419.5872749024002
-419.7650411915272
-420.3004809995357
-420.8440706208133
-420.9103700355691
-420.7301686145056
-419.6472800144269
-420.9481096613787
-422.2903711526703
-420.66777137159164
-420.41829106762435
-419.9227224484913
-420.6779563791179
-422.96898850193077
-422.6349527493631
-425.16576235850124
-424.1039234923583
-421.7439336888194
-421.1334286537407
-421.4060977653849
-419.3223890706635
-420.11562682577926
-420.53598735157726
-419.2218222713394
-419.2218222713394
-420.3366332412161
-420.3366332412161
-419.3453334563792
-420.9176265607005
-418.81717579860265
-418.2646603399407
-418.2646603399407
-419.69696439796917
-419.69696439796917
-419.69696439796917
-420.7037090592164
-420.95208890413994
-420.7277038388596
-421.25668438229377
-422.10705316507756
-421.3871543547234
-419.5572163775397
-419.3813617809668
-419.3813617809668
-420.442260788762
-419.98912379547903
-420.62696381759974
-420.9305763509118
-421.7547638699596
-421.24938731389085
-419.9566393819958
-419.7761655230003
-420.2997371833268
-419.2148271185158
-422.5169407280203
-420.3652341320704
-421.3052966679353
-421.17542404048675
-420.3575171245803
-420.669267863945
-420.7503022058393
-420.0961918925264
-419.62327621028237
-419.5687697275331
-419.94147575828794
-420.1740335607809
-420.1740335607809
-419.7421434662457
-419.26971408409776
-419.26971408409776
-419.26971408409776
-419.26971408409776
-419.26971408409776
-421.5395453377543
-419.4337965694644
-419.4664083372687
-421.12798216550965
-421.94789544950044
-420.418091619465
-420.418091619465
-419.6533513270356
-419.8834360492203
-420.2305701335413
-419.1131815277005
-418.8257694943872
-419.7990098595137
-419.88616297590994
-418.8577172816036
-420.02075035079474
-419.85891433023494
-421.11127953804726
-419.12322298067113
-419.01931028888487
-418.7994039949582
-418.45496170355676
-418.45496170355676
-420.96065691001064
-421.0524486693613
-421.2365232815448
-422.78477804489285
-421.0707451183469
-421.0707451183469
-421.0707451183469
-420.3817598566151
-420.8825623075916
-418.94076404924255
-420.3520086791428
-420.9716052140486
-420.5041815458452
-424.8952301310733
-419.82682920752484
-419.8666432519354
-420.4541342408581
-421.4368650506235
-420.05469558528375
-420.14309745419587
-420.01133652896
-420.04099540383623
-419.812216356217
-418.93367859364537
-419.26327071039015
-420.7550116859028
-420.19939056198876
-420.61395963163915
-419.2339879031709
-420.0080059404715
-419.3294537594374
-419.3294537594374
-419.3294537594374
-419.3294537594374
-419.3294537594374
-420.7575898056606
-420.19534356218554
-419.0644575207418
-419.7568310990074
-420.3072723004623
-420.2774696968363
-420.7417675561354
-420.2737768898244
-421.8311777769295
-421.7794362086873
-420.5649176294894
-419.30581312243174
-420.54403508427384
-420.92221067418626
-420.45566742018906
-421.07990285961415
-422.48835125966855
-420.2890290185641
-421.2451744769766
-420.7383463350913
-421.95821756666277
-423.50490498073987
-421.3677392627653
-419.7274031262281
-423.85844360123616
-421.23243092416925
-420.46527484446585
-419.6655086705994
-419.6085509230219
-420.15756358030524
-419.7646805149076
-420.978477749747
-421.25092712502766
-419.45694855960693
-419.61064819443817
-419.0365924608842
-419.0365924608842
-419.5921657954023
-419.6700281088488
-421.5474584757853
-422.5386683186616
-423.1442317705543
-421.23522058263796
-421.63743811594804
-421.63743811594804
-421.77504506318985
-421.1628837720642
-419.94507221953114
-420.3043178196074
-419.0263013336292
-419.0900309593519
-419.0900309593519
-419.47279803563947
-419.47279803563947
-421.64004196650137
-420.2584998660514
-423.06211932193025
-421.9986678267178
-422.0072693109188
-420.9708488900098
-421.3968810886063
-424.0464547345358
-423.41256613800454
-423.9465506981483
-423.06831830850325
-422.2426955224738
-421.713254949742
-422.01531284295356
-421.00644048685774
-421.1537739900874
-420.49661063811163
-420.6460616397779
-420.6460616397779
-420.6460616397779
-420.6460616397779
-422.91251320656346
-419.90021304234546
-419.90021304234546
-421.3600953678538
-421.62874331570765
-421.1325158577796
-419.8121819937577
-420.284047940943
-419.42189674220305
-421.0947811287199
-419.77569946299275
-420.029113881185
-419.26228325467025
-419.26228325467025
-420.18700842162133
-419.93519973062126
-420.2722423313383
-419.8409087057487
-419.75474538219805
-419.3914500983337
-418.6869555791879
-420.73878816516344
-421.3226872270115
-422.22632599798493
-418.5865358315809
-421.3714946993671
-421.49251224754755
-420.7129641307371
-419.6781380276242
-420.86308087462015
-420.7047670653862
-421.65914232095207
-421.2468863612126
-420.21503587566707
-418.87478247584465
-418.87478247584465
-420.3806380839793
-420.2003450052427
-419.07446181314873
-420.3624258957437
-421.57284888802343
-419.30445245890024
-419.3346524875827
-420.2204831118774
-420.119598219359
-421.81474439638663
-420.83685161926735
-422.4918241626276
-422.4918241626276
-421.03285887844504
-421.05682955359885
-420.3525496271266
-421.5493801478379
-421.5493801478379
-420.2212041607455
-420.2212041607455
-418.3367336415758
-419.3085332427612
-420.1819516841881
-422.79614074006895
-420.99165917453877
-421.4860262455721
-419.93074603826807
-419.93074603826807
-419.93074603826807
-419.93074603826807
-421.87897923486537
-421.87897923486537
-420.97687817074234
-422.3568264066713
-422.7508346371299
-422.7758767874643
-422.7758767874643
-424.0917695012633
-423.86019789344095
-423.6522685616996
-423.6522685616996
-424.2179160304571
-422.71103420273784
-422.71103420273784
-424.1648700803489
-423.43944512794565
-423.6607068789427
-423.34198460932384
-423.2371965641917
-423.2765221178989
-422.10109572188134
-423.34519931427974
-421.9415197486442
-421.72988675612515
-422.40257394558756
-423.9531820900937
-423.59039361691407
-420.61592856702634
-420.61592856702634
-420.61592856702634
-421.5738220002141
-420.7665353724846
-421.19036285581586
-420.8431763763438
-422.8480802166966
-420.94459901529757
-420.34796075783
