-430.3345265366369
-438.325353674148
-426.2771260470818
-423.0942338884281
-422.2652352590858
-422.5574330209866
-421.978288001458
-420.6596640242185
-420.1892726046221
-420.1892726046221
-419.43074079220764
-419.43074079220764
-419.43074079220764
-419.43074079220764
-422.3499113265062
-420.295789353463
-420.853254768689
-420.5804044358647
-422.6721615284885
-420.6879584024549
-419.81817500994134
-422.41369853255645
-420.18046761795523
-420.87262036145205
-419.8340809133649
-420.3273775370977
-420.7436837334611
-420.81407392866913
-420.46403655172077
-420.0203544820231
-419.81774300456095
-420.30380073271095
-419.9444018473503
-419.9749997415584
-420.85440944377837
-420.26641210349874
-419.79826800430226
-420.1404751059223
-419.2222498693709
-419.81595538934545
-419.59418691675467
-421.1638386565547
-422.15099269919534
-422.19447732215855
-419.1511125822778
-419.1511125822778
-417.33062503832184
-418.86644619959856
-418.86644619959856
-418.540702311619
-418.540702311619
-421.3221235562666
-424.01977662673085
-419.72701800124287
-419.3373204620455
-419.28648481732677
-419.28648481732677
-419.28648481732677
-419.83294299763116
-419.45941680033377
-419.45941680033377
-421.21989243324447
-420.44158280619774
-420.78019850151395
-419.98988261027876
-419.98988261027876
-419.98988261027876
-419.98988261027876
-421.3271923682512
-421.46065291423605
-419.8873689404628
-419.92414502489265
-418.9447084617667
-419.69923413552243
-419.69923413552243
-421.01886760462725
-420.6554830990156
-422.17748200421914
-421.00757926162186
-421.55642978141196
-420.7063280900986
-420.7063280900986
-420.6659431792326
-421.57203495455
-420.8929398247118
-420.073774217058
-420.089675072114
-422.4287397228889
-420.74891352988374
-421.5153700258132
-421.7339765195298
-421.6154727943416
-425.27044965115215
-420.71479679485583
-420.6617670477627
-421.6390267102364
-422.12011885117624
-423.2978794633384
-422.25417643454557
-421.7229676445253
-419.5448301366684
-419.5448301366684
-420.78390374260505
-421.6116926788559
-419.8130668891422
-421.418945529022
-418.8763912418716
-418.8763912418716
-418.7439680381865
-418.7439680381865
-418.7439680381865
-419.98179512062967
-420.961025069776
-419.21759744446047
-419.21759744446047
-420.13647037781215
-418.5179356906431
-418.8661810882634
-419.4173542455392
-421.52403793031135
-420.11925441679045
-420.1660341246864
-421.3801404757338
-420.3955107452138
-419.89158179315956
-420.73826811013396
-420.4618674461813
-419.69905683745395
-420.3285843440953
-421.30353624265
-420.6879618217016
-419.0958443806321
-422.55141246570787
-420.7766044515919
-420.7508233888116
-422.0539655786996
-420.690705046768
-420.5015759107737
-420.2777331952629
-421.076936124672
-420.186609826391
-421.1849336278572
-421.1525259615947
-423.21255585089784
-422.1761429484325
-424.4462184953941
-422.4775055532469
-420.89106645917053
-421.60069509300985
-420.7784678779787
-419.906152698189
-420.43608655437095
-420.7055491855305
-419.4938575453982
-419.1117266832115
-419.1117266832115
-419.1117266832115
-419.1117266832115
-419.1117266832115
-418.70947910201966
-418.70947910201966
-420.80452354336904
-422.9980806755146
-422.1996329064497
-420.7630064560878
-421.69992426631734
-421.69992426631734
-422.29998777967523
-423.178548690989
-423.0607442725723
-422.47125413794186
-422.906972709973
-420.77190454764224
-421.2491935765532
-420.5086917926499
-420.5086917926499
-420.5956831214612
-420.2245179393886
-419.8434603312363
-419.8434603312363
-419.8434603312363
-420.0228908711638
-420.51420009302893
-420.7351622781479
-419.4376921611205
-419.9793982906785
-420.72652312347765
-419.5009887538769
-420.6238262687284
-419.4680474285755
-419.4706154826653
-420.71600636298393
-420.3343485584258
-419.44233815269575
-419.764491864211
-420.7781341853371
-421.1628459731084
-422.2579162343669
-421.6085398087947
-422.7020126931198
-421.15538708483
-421.15538708483
-423.27511566125406
-422.90177845217596
-420.3590132162559
-420.88156057787626
-421.63049625519454
-421.5368436280165
-422.2535605255429
-423.06327266871324
-421.8649651745096
-421.95919172068795
-421.95919172068795
-421.95919172068795
-423.5287507166198
-421.43823725288894
-421.1998249344764
-421.11666726998556
-421.06987831257584
-420.68498771036724
-419.6345335759975
-419.16617292815357
-419.16617292815357
-419.16617292815357
-423.0274519742787
-419.49513038044824
-421.403346266269
-420.4911720549888
-419.14281463075434
-420.82598041499114
-420.48669853646106
-420.71052602010155
-419.9882396308762
-419.4181704975353
-420.2004977710138
-419.90627686389956
-420.02289518540107
-418.85206631764186
-419.0861624017488
-418.62675096349784
-419.6606326469698
-420.01015524595783
-420.4672323395447
-419.6203486167354
-420.5463561328432
-421.70712542983034
-421.66732621104785
-421.63039320518044
-421.80185892907195
-421.2824703832647
-421.22584442421316
-420.8818138274968
-420.262662882772
-420.76431121328346
-421.3266517031857
-421.14780470209166
-419.8110555903194
-420.76409264016763
-419.29418630935197
-419.55084588585925
-419.55084588585925
-419.51067837895266
-420.2086183294433
-419.07010463279556
-419.07010463279556
-418.48945579512167
-419.70301798036667
-420.4929430655795
-419.1964373930076
-419.1964373930076
-418.9341320293732
-418.9341320293732
-420.967467704101
-421.0400733933501
-421.4088402328178
-422.07984836011013
-420.47744997871104
-421.84944448816526
-420.61425089340855
-421.7983195982938
-419.57945504242366
-419.57945504242366
-419.7397987471702
-418.3871145014632
-420.2744632472696
-419.7300669952595
-419.82888377175755
-420.22570072516356
-420.0871201176543
-420.0871201176543
-419.24072337146816
-419.24072337146816
-419.24072337146816
-420.0152643414971
-421.9105025054272
-419.6436824206703
-419.68941188612985
-419.27575706318976
-419.7219727438535
-419.5710881910101
-420.845350963078
-420.81983724163774
-420.68506641651254
-420.556190527113
-421.6304834648298
-421.1026666708891
-422.32317490937754
-422.67050803025813
-422.2161038664848
-419.0793985978597
-420.3619845900152
-418.98341510291056
-419.18662792857685
-419.18662792857685
-420.11233208607166
-420.11233208607166
-421.6910502754797
-425.69751526405355
-423.48231221631545
-421.9077612066171
-421.9662288269056
-422.22286241624903
-421.77170355786404
-420.6847134229735
-419.68014035499357
-420.419641590268
-424.1200574503361
-420.5103448301813
-421.62272802050404
-420.03205634997204
-420.5983208849597
-419.83667975682005
-421.0988562836456
-420.76646535676974
-419.563984115016
-419.40220478376153
-420.65615307682896
-420.7121252521279
-420.8300572291537
-420.0179069719953
-420.21566333721563
-421.01454591346555
-420.66242533183294
-419.96611173768025
-419.2996719076774
-419.1363491116628
-419.9559822330088
-418.42119027371666
-418.42119027371666
-418.42119027371666
-418.42119027371666
-418.42119027371666
-418.42119027371666
-418.42119027371666
-418.42119027371666
-418.7342022989732
-418.7342022989732
-418.7160974499514
-419.8242047061076
-420.68847659853793
-420.68803378973985
-421.0618194169732
-422.3596003668107
-419.1276190043707
-419.1276190043707
-420.0315944604954
-422.0171742343569
-420.9435213321102
-420.88066816808987
-420.0280585436884
-419.8944721288545
-419.84732131959737
-419.9108825526533
-419.5015676018431
-419.13648659518276
-420.8006908352127
-421.4176875166102
-421.10079181927665
-420.74803344271805
-421.1116640443959
-421.1116640443959
-422.17647374122964
-421.49371996697244
-421.3154753990606
-421.8752917513642
-420.4120016741382
-420.1009533290652
-422.8733827789286
-421.0239297838155
-422.2857334033446
-420.9178698445454
-420.93265504395487
-421.0945270644271
-421.3005623176346
-421.3005623176346
-421.7100304415591
-421.93733553964074
-421.2305173511762
-421.66178180368775
-421.9635165013723
-422.23336084405133
-421.988717939641
-422.60395620695556
-421.46343691900404
-421.46343691900404
-421.0793000012664
-421.0793000012664
-423.36611479697393
-423.67571544516363
-421.81874518123686
-421.637448620107
-421.7956142127902
-422.01950490010773
-421.5468660569562
-421.7437676196959
-422.15680545114196
-422.15680545114196
-421.885488650108
-422.88231252300335
-421.96715189216206
-422.3325897272634
-422.73967671249517
-422.30254272887737
-421.9524297916643
-421.65459556730497
-421.65459556730497
-420.7386527290634
-421.86877418465417
-421.86877418465417
-421.7086906088804
-420.3650103323754
-423.32725831312325
-422.87960681933305
-422.7037760828283
-422.0127942607847
-420.5597237930203
-420.1599497174202
-420.0210379684925
-420.91130898751607
-421.63220122801783
-420.024122018885
-421.16606363202345
-420.5020337231556
-418.6355273790408
-419.7271373365685
-420.5026888857986
-420.5174125099281
-421.42193344108864
-419.49201187111635
-420.5974865369112
-420.3420169223297
-421.4780679318136
-421.4780679318136
-421.3229098321587
-421.2764579761421
-421.86056896607107
-420.967359382028
-422.8676586359546
-421.26247138315455
-420.47108040362053
-420.9817235498266
-420.9817235498266
-419.5318477742678
-419.5318477742678
-420.39099247008863
-420.5982005733971
-420.20228649143405
-420.6060023437082
-421.26710806668206
-423.2718049703657
-422.5645687266342
-422.5645687266342
-422.6051930305325
-422.0743996258298
-420.87618366401557
-422.0396797274975
-420.8015885506253
-422.25375358914
-422.72040886154446
-421.983827263984
-422.53172266662693
-422.9309360337704
-420.7760465372182
-421.06413987309844
-420.9632385348556
-422.76017011874933
-421.15054037063265
-419.1272433754255
-418.8652079314941
-420.272626105101
-419.59525292833104
-419.953071184493
-420.7680699583967
-419.8675883147664
-420.35875487719727
-420.9132897109102
-421.13712508139054
-419.37719553241664
-419.37719553241664
-421.6712996111562
-418.390499144176
-418.84022404817046
-420.369747668864
-420.198132471735
-420.7749657107965
-420.6204378696515
-419.09682178030977
-421.38001083448927
-418.6787742931405
-419.9567410485661
-419.4593342766732
-422.4051475715576
-422.43340917770496
-422.6914945718562
-420.1369177738103
-420.46235272924355
-419.6309801392219
-418.9950046345159
-419.8454273335703
-420.63311194708143
-420.8380776448982
-419.5421494164918
-420.22024252003376
-419.4541056001445
-421.1152105684859
-420.24762526563575
-420.30391279428767
-421.86904159482697
-422.5521036845085
-421.2816114066544
-419.39675936156624
-419.39675936156624
-420.82503740818646
-421.230592515376
-420.36170057161587
-420.2757390449955
-419.38990942449743
-420.2533356885598
-421.27854228073255
-424.16292224762395
-420.07957637730277
-420.80092970082745
-418.6741048908711
-420.06088316141717
-419.11923988932415
-419.1753675098074
-421.07010868809135
-422.21092105608165
-421.0897247869922
-420.8796398549894
-421.461406404054
-419.3567421250083
-419.3567421250083
-419.74294549721617
-420.63807123424874
-422.0412668588629
-419.22612045406686
-420.44775938740435
-420.63121396038247
-420.03659791442556
-420.51109908753904
-419.00044072337107
-419.06295521869936
-422.9527049996291
-422.3720204106945
-422.3720204106945
-421.64876618336035
-420.63080655899245
-419.96789998134807
-419.8611962083308
-418.8486381948923
-418.8486381948923
-420.42834843013065
-421.4681325596517
-420.5010916382377
-421.24484772169916
-419.87206876897153
-418.8070083653379
-421.6391407664627
-419.63895978508276
-418.9295175936255
-420.58196586819145
-420.6896295143248
-419.71398199408753
-421.37309955432636
-419.89954359279494
-419.89954359279494
-419.89954359279494
-419.89954359279494
-419.89954359279494
-422.81797751713134
-419.71985185209144
-420.4985081450717
-419.68072385836814
-419.90501657257045
-419.5982594285798
-419.7472697828753
-418.959515506181
-419.99980801253855
-418.06538642230055
-419.7588093860419
-418.7350123790625
-418.7350123790625
-418.4622040312322
-422.3331398325003
-421.0225410607074
-421.52860239102773
-421.054810124489
-419.64234122126976
-419.0640951275042
-419.2559961299097
-418.638372168455
-420.51376690920483
-422.5459386812248
-422.5288511699568
-422.32639789650153
-423.5409120181673
-420.8706987339316
-420.8552224300744
-419.72126317861296
-419.09404851992514
-418.70951178701773
-418.48039959853594
-419.15662743990924
-420.1582004610904
-417.9325354357099
-418.32659733366626
-418.32659733366626
-418.22044150889525
-419.6529413079142
-419.6606063362898
-419.6606063362898
-419.5981261894442
-420.14095129766395
-420.20142250337886
-419.48297105138164
-420.1505040595498
-419.74699217538904
-420.00789338163725
-419.6421382889351
-419.6421382889351
-419.6421382889351
-420.8666123755801
-418.80172617616347
-420.1948984197588
-420.0002072318025
-420.29858311261717
-420.9770668303655
-420.1216107821192
-421.6339420176662
-419.6770494666956
-420.70615261549165
-420.90396198075894
-422.0103894561789
-422.0103894561789
-421.2256692318839
-419.75514846818186
-419.2578266219443
-418.4339374234936
-418.3485490020387
-419.62770466288384
-422.20420077693063
-419.53147780762566
-419.53147780762566
-419.53147780762566
-418.2826677162542
-421.55850256226483
-422.6613362135587
-419.2139402537896
-420.1342614782635
-421.14039396296295
-421.33823266054003
-421.8273788980642
-420.8737754303006
-421.63626396541304
-421.16229490821115
-421.4395887865749
-420.5950639440083
-420.73575824641193
-423.56800230649736
-421.1304943799865
-422.5551233655187
-423.02666306951494
-419.9338609480779
-419.67710794554836
-419.5037636973591
-419.5037636973591
-419.5037636973591
-420.3126135587278
-418.6767472395516
-420.0685044179707
-420.2483005114634
-420.1236779225487
-419.55127847397233
-420.99027896170594
-422.08807414793694
-423.86478989840185
-423.04979420419414
-421.12597478380263
-421.12597478380263
-421.7184811476385
-421.7184811476385
-422.6645023696288
-423.58547981500834
-420.8690742670769
-423.1747713966348
-422.26371452056816
-421.4124085823864
-420.38481260616044
-421.0280334539197
-419.59634251660657
-422.61804614932936
-422.1208112696001
-423.13087980939434
-423.13087980939434
-424.36695419046305
-423.4664350304493
-421.35129913090367
-421.35129913090367
-422.61723459523296
-423.7481342704125
-421.7962964311354
-421.2391878170048
-421.16683671893713
-421.2973647441972
-420.7651351312261
-419.85155647859096
-421.2005985929218
-421.0120522876426
-419.7710391894834
-419.9494138928129
-419.11467557677804
-419.9657670886718
-419.8319744230222
-419.8223166763004
-420.7056598091212
-420.7923047967413
-420.6251513465362
-420.367273336375
-421.2377077333079
-419.0260094839957
-419.73398169458045
-418.629547786494
-418.629547786494
-419.6723924858892
-420.7242161047956
-420.31207457684656
-421.0378109514459
-420.28142305970056
-421.3268500061082
-420.91983767088794
-421.1534286921057
-421.243708913135
-421.243708913135
-421.182424717557
-421.349994310111
-420.1794776893084
-422.043028348704
-420.6191737678833
-420.11251139835434
-420.8210408075544
-422.2597307034864
-421.54832087610293
-419.634803135087
-419.634803135087
-419.7121710891308
-420.9691564210998
-422.4467433199236
-420.7310889462435
-420.40086598765004
-422.51634581953687
-421.08855774299724
-420.61330515202934
-422.2469654726541
-419.87617997876737
-417.74358393675135
-417.74358393675135
-420.3137242652101
-420.6592330951547
-420.58046316293354
-420.19410647365487
-419.63762931823055
-420.2633344126065
-420.2026981578371
-419.95285064722583
-421.8796117964057
-420.6594635893104
-421.22350817286355
-421.75227920948964
-420.7881511122168
-419.891809339407
-419.4250983942616
-419.4250983942616
-420.91225428612006
-420.19116712539306
-420.19116712539306
-421.14378072091193
-420.14100516819656
-421.60922616724196
-421.5320910594303
-420.65285876839204
-420.65285876839204
-420.56817182415983
-420.38492341254306
-419.77368261094097
-420.620421029083
-419.93919801388216
-419.93919801388216
-420.99434352843735
-419.287362433069
-420.15416824926274
-420.8586337483943
-420.7621672044668
-419.34637750050615
-419.38725555317075
-419.38725555317075
-420.99807372830384
-420.1755089883122
-420.1755089883122
-420.32777383893256
-420.43195177196765
-421.3060737112668
-420.74461024972356
-420.74461024972356
-423.22486185606726
-421.6180491664781
-423.4550842410476
-422.025452318321
-421.25812307253676
-420.4230547471658
-421.04525829442713
-420.3613533096051
-420.6747918357215
-422.04712496780354
-420.7520256110719
-421.5575133113622
-421.62893868766923
-423.1324940385106
-421.8965269969792
-421.7158984566184
-422.78176501245963
-422.0392587390357
-419.21429775928743
-419.21429775928743
-419.21429775928743
-421.9360778427723
-421.5171024299413
-421.5171024299413
-422.70821451465105
-422.7993744942029
-423.793003131195
-422.51577239808137
-421.0973817021521
-421.81251638368207
-421.6402233691032
-422.21516144790127
-422.21516144790127
-421.2488489198249
-421.2488489198249
-419.9776040604917
-420.171686402678
-420.9209308177102
-422.16735089687637
-421.98740033047943
-420.62695642048544
-422.72463796307625
-420.8391056657579
-420.64953228227546
-420.64953228227546
-421.9832820737553
-423.7293543725593
-422.3635748667981
-422.67805064412033
-423.19115056481166
-420.79692554773806
-422.9867686662189
-423.47158251438356
-422.0600442815975
-422.6396810504611
-422.67220253201594
-422.2301223162874
-420.4696797459587
-421.9178353150995
-420.94325668690453
-421.7673225550567
-421.6502661246114
-421.54144390314235
-420.3984015202581
-420.3351708733013
-419.8176296135419
-420.9698904468587
-420.92383350577387
-420.20926434721025
-420.086516059114
-419.4253918384451
-420.64101356511713
-419.90955758671595
-420.24598692167706
-421.2290270408687
-421.6820975880834
-420.49015782068506
-419.70500230800405
-418.8640775937879
-419.7647215863093
-421.59464964756586
-421.2886986072231
-421.4251639514425
-419.76574506716963
-419.76574506716963
-420.4186858010648
-420.35223126971607
-420.64586095074145
-419.08847933274546
-419.73555947255517
-421.77328982004906
-420.9580921096401
-420.0569854835528
-421.02455002956117
-419.68082916273096
-421.321902535103
-422.45728803819685
-422.85717531988655
-422.4361606162943
-419.99270875047506
-422.18928669700614
-420.7929970541068
-421.4539473122578
-420.5178975390679
-422.25459587052165
-420.0514766706263
-419.5410862915322
-420.03417922511056
-420.03417922511056
-418.72887974104856
-418.72887974104856
-418.72887974104856
-421.4258126899015
-421.57970828285215
-422.71386683384094
-422.45532394339057
-421.4187598668414
-420.16794075794144
-420.5966793062364
-420.30097456574487
-420.6273282298342
-420.6286442520932
-419.42115976658454
-419.97439222559586
-419.7271886955309
-419.55324864931305
-420.7104434817838
-420.2248558319412
-421.18294864056514
-420.99203120059974
-420.12583742822835
-419.56539046249947
-420.18140635751286
-418.86789620770344
-420.15755280530294
-421.32042385941025
-421.5198026760229
-419.4506056463939
-420.4378724293241
-420.43474678985865
-419.39593441257176
-419.39593441257176
-419.70641445568583
-421.4570477413366
-420.96106984043377
-419.3044761860587
-419.5263954724706
-420.28144996207953
-423.2663080722968
-422.6825155910591
-421.0876707797084
-421.0045638920131
-421.27461958669284
-423.82863534364463
-421.919012375886
-425.193507129727
-422.8427587690693
-421.50186078304387
-421.50186078304387
-423.7328473372881
-421.21355839788043
-420.48963240977275
-422.11665113451454
-421.4141828062127
-420.5364175287918
-422.37783853227194
-420.050691556856
-421.097709247711
-422.39596805442886
-421.8047884720446
-420.74701539630513
-421.91541645628155
-421.05190867600544
-418.7556163509608
-418.7556163509608
-421.49822970704685
-420.42219545612534
