-614.9769801878912
-615.5658485563309
-613.7076466500046
-613.6431992677418
-614.336289841744
-613.1867930148856
-613.4739422854026
-614.4452612979785
-611.9879409804192
-613.1595138297689
-613.688286225478
-612.523551190988
-612.5453119511175
-613.9183531764934
-614.772401008147
-615.2673705796607
-613.500747540733
-614.4801725145268
-613.9259629736168
-613.9548248741039
-615.2602718724983
-614.2642189434929
-614.7390352660939
-614.7390352660939
-614.3254639345257
-613.4943020713431
-614.8431030474625
-613.6316806469696
-613.6316806469696
-615.002592165402
-614.6397796659392
-613.8157114571898
-613.5889816527485
-613.5889816527485
-613.5889816527485
-615.9873305687935
-614.8308789887816
-616.8176516074516
-615.5448536606045
-615.4024878742184
-615.4024878742184
-614.6618304557378
-614.6618304557378
-613.4057518314354
-613.4970421259733
-612.587514096194
-612.587514096194
-613.1275606376773
-614.2066931711348
-614.5351627077829
-613.6941779164976
-613.9804401720565
-614.6254377042178
-612.771765051625
-615.3971749198164
-617.0833055761997
-616.1931177334562
-617.3013490645573
-617.2835689093621
-615.5736057460529
-616.0637881323042
-615.2474049097514
-615.800165615407
-615.2271283553291
-615.3703104354765
-614.9860369618995
-615.4765153265934
-613.5282597833409
-613.7276709513126
-613.5727256586277
-612.7040290587017
-615.1346885784927
-614.4948791609804
-614.4948791609804
-614.7915562987157
-615.3209098867787
-615.3840279611386
-613.1761078719749
-613.1761078719749
-612.6120778055356
-612.6120778055356
-616.5583445768355
-616.5958348447394
-616.3870124166423
-612.4558476600934
-612.2146780911062
-612.5049926263767
-614.360733529357
-615.712422622791
-613.263001864019
-613.4710312961619
-614.7631786729835
-615.3280029948718
-615.3253346202981
-614.6516556640123
-614.9030121696092
-614.7874558258729
-615.4794983902545
-613.6484622620599
-614.9870782633066
-614.2259804754564
-615.3527232042436
-614.0781024338582
-614.2598418649438
-613.9467187761534
-616.2301393073014
-614.1922562874383
-613.5817805402996
-613.5817805402996
-613.5817805402996
-613.5817805402996
-613.5817805402996
-613.5817805402996
-613.9037200162875
-614.1194340502333
-614.1194340502333
-618.7033241507127
-616.3306582971932
-615.2998611722533
-614.1601717250575
-615.2836845834518
-614.6397925522093
-614.3715275147134
-612.3226160433277
-612.3226160433277
-611.7539668630351
-611.7539668630351
-611.7539668630351
-612.4235623008738
-612.5746981077137
-613.5275142262878
-612.5337069137647
-614.5050979506375
-612.6795357515597
-612.3667169728897
-612.3667169728897
-612.3667169728897
-612.3318743580992
-612.3318743580992
-613.3803287884954
-613.4422045075021
-615.0835321457735
-613.1091540687243
-613.1874740420716
-613.9924235994669
-612.5411923335807
-613.23481604439
-613.275190758118
-613.9125675526319
-613.5136457427377
-612.371960797862
-612.9020971089936
-613.7924783654223
-614.7886560573518
-614.5288043526932
-614.1631988191132
-616.793450632482
-613.9970883884208
-613.4278916342417
-612.3470165172616
-610.9807919159222
-610.9807919159222
-611.4570898189071
-612.2961218428655
-613.6335120974919
-613.8104190452821
-613.2524307590013
-612.4327277016348
-613.2987127144427
-611.7036870542366
-613.3780303033967
-612.2779149013793
-612.2779149013793
-612.2779149013793
-612.7204085814128
-613.5308995893788
-611.0221049782814
-611.0221049782814
-613.8666774171508
-613.2240500296184
-612.6354920965207
-612.6354920965207
-613.0252835968197
-613.1993725561023
-613.1993725561023
-612.522238193391
-612.1582092215348
-612.1582092215348
-614.6365695212628
-615.2717006378493
-614.7673358201566
-614.7673358201566
-614.7673358201566
-614.4166499313422
-614.4166499313422
-614.4166499313422
-614.4166499313422
-613.9811858064237
-613.9811858064237
-613.9811858064237
-615.2208961557677
-614.3220362610641
-615.3471426917766
-614.9175759091943
-614.269896082798
-614.4063581504813
-614.4723496727977
-613.5369126088079
-613.5369126088079
-613.9855861768814
-613.9855861768814
-614.2607922937998
-615.6376063658568
-615.1914071358233
-615.1598426995224
-614.6099356301679
-614.6099356301679
-614.5740915226341
-611.9342838602852
-610.1561831294088
-613.410257585664
-612.1790625913035
-612.1790625913035
-611.5099109085078
-613.0958428148816
-612.024165360458
-612.9387999009583
-612.7466380481353
-611.8458177087856
-611.8383052195892
-613.8910826640945
-612.628885915279
-612.1560394142537
-612.2281592363565
-612.8316516009005
-613.8067641560033
-613.4677137234819
-613.4677137234819
-614.2907181353863
-613.4296530305734
-613.3603579994594
-613.5981255684479
-616.2929847707344
-614.9880888939035
-617.7681911013107
-612.334097169513
-611.636666321318
-613.8656724852195
-612.9858510305833
-612.7661313649733
-612.1747222044762
-614.0687246644036
-614.1094634636106
-612.8161349657828
-612.8161349657828
-613.3089110379475
-612.6720373424334
-612.9948977195799
-614.3995715340185
-612.988619654496
-613.7664436328998
-611.0588624163715
-612.2611590736736
-612.2611590736736
-612.2611590736736
-611.4579711962043
-611.4579711962043
-611.4579711962043
-612.3563514750958
-612.4143573703625
-611.3355155926942
-611.870636802647
-611.870636802647
-613.9211981663883
-610.982460854619
-610.6885898074079
-610.6885898074079
-610.6885898074079
-610.6885898074079
-610.6885898074079
-610.6885898074079
-610.6885898074079
-612.393592512106
-612.2241177043646
-612.2241177043646
-611.6794668221232
-612.6415211116571
-612.7726834626436
-612.82025543972
-613.1719175567574
-613.6449318491759
-613.7390204787853
-612.7188143043419
-615.3599796480484
-615.3018363317522
-612.6898425569353
-612.6898425569353
-612.9699341427255
-612.7087405727849
-616.3656519243482
-612.6987202990346
-612.6987202990346
-613.9150684727337
-612.4807859137304
-612.1827080127392
-612.7777270682992
-612.7777270682992
-612.7793912647109
-612.7793912647109
-613.5372847247786
-613.1279786148439
-612.7800691294331
-612.7800691294331
-612.7800691294331
-612.9513988381073
-615.882480200444
-613.8356387064629
-614.8479305243228
-614.2558586069212
-615.3183741565502
-614.8009595766923
-613.8159355234176
-614.9547145623228
-612.7405120698313
-612.8737223328523
-612.8737223328523
-612.8737223328523
-615.354622756204
-613.8268961387541
-613.7125105204334
-614.7051272956658
-613.9334168448005
-613.9929043709318
-612.6184096091489
-613.9463267552268
-613.6177623831032
-615.141361297472
-613.9228821148621
-613.6291060443174
-612.4823455911455
-610.8624287377485
-610.8624287377485
-610.8624287377485
-613.1711981383977
-613.2015838084278
-611.9225720352946
-613.7468336619645
-612.2267096181259
-611.8012413186956
-611.8012413186956
-611.8012413186956
-611.8012413186956
-611.8012413186956
-611.8012413186956
-615.8462755899541
-613.4682081822838
-614.3579512220416
-615.0338144475385
-614.1146987602218
-613.030563295956
-613.030563295956
-614.160913294699
-614.0145707260001
-615.5276511814534
-615.344681437613
-614.2391338944024
-614.1478429449573
-612.8808281160398
-612.8788222575309
-612.289843507596
-612.6198541336175
-612.5412126933685
-613.8517522980835
-611.8994465929309
-613.0793918216798
-612.7927682743533
-614.168745826151
-613.8743711995452
-614.3538161296077
-612.4640722743176
-612.6184546330334
-612.6749480275886
-613.4730028205731
-613.6341923982446
-615.1895172661174
-613.6129828588032
-612.7864867689178
-612.7864867689178
-612.7864867689178
-613.004539008964
-613.3065208435971
-614.96363494344
-613.7613567344346
-612.7613059585112
-611.7544367973461
-611.7544367973461
-613.2047693626475
-612.2382027837991
-613.0132063575747
-611.8344973815939
-612.5887890176152
