-581.4426456819347
-593.473828494725
-562.4609820890578
-562.4696081014592
-562.3939299887769
-562.3939299887769
-562.3939299887769
-562.3939299887769
-562.3939299887769
-560.8370570346665
-560.6598472206101
-561.3690759777285
-561.0236593732496
-560.0654103424276
-560.5891604055448
-545.7087348711343
-546.1659353884312
-546.1659353884312
-546.1659353884312
-545.4741594001879
-545.4741594001879
-545.5726005914399
-545.5726005914399
-545.4868976919943
-545.4868976919943
-545.1851350311299
-544.1583639752539
-544.1583639752539
-544.4829146060825
-545.352061619907
-545.6489769022256
-544.0985015085029
-544.5855907848486
-543.7742232688057
-545.0561934835655
-545.0561934835655
-544.6845339472836
-544.7624830243952
-543.8307143449869
-543.8307143449869
-543.8307143449869
-544.4601293985684
-543.9092076845265
-543.9092076845265
-543.9092076845265
-543.9092076845265
-543.9092076845265
-548.3554508948268
-545.0507957501457
-545.0507957501457
-545.0507957501457
-542.8643438183357
-543.8484027505062
-544.1799695182858
-544.1799695182858
-544.1799695182858
-544.1799695182858
-544.5797422610482
-544.9045423191963
-544.9045423191963
-544.9045423191963
-544.9045423191963
-544.9045423191963
-542.8944080887541
-542.8944080887541
-542.8944080887541
-542.8944080887541
-542.8944080887541
-542.8944080887541
-542.8944080887541
-542.8944080887541
-542.8944080887541
-542.8944080887541
-542.8944080887541
-542.8944080887541
-542.8944080887541
-542.8944080887541
-542.1059335945793
-546.4607239970763
-546.4607239970763
-543.2723477057774
-544.05335175102
-544.2715548752248
-543.02735045644
-543.02735045644
-543.02735045644
-543.02735045644
-543.02735045644
-543.02735045644
-543.02735045644
-544.346752986921
-543.6847427893306
-543.7266788670689
-544.1581150417037
-542.5626836400586
-542.5626836400586
-542.5626836400586
-542.5626836400586
-542.5626836400586
-542.5626836400586
-542.3751243748142
-544.3100654231216
-543.4580887177206
-543.2844930745871
-544.1194186790904
-543.219420150021
-541.9131762138898
-543.0128043598737
-543.761683460302
-543.761683460302
-542.3863738269238
-542.3863738269238
-546.0479368167505
-545.2253975075412
-542.4148362809427
-542.4148362809427
-542.4148362809427
-544.0826930468285
-543.7756592133549
-543.7756592133549
-544.4788431269361
-545.1187521647079
-546.4930204636476
-543.8717439428559
-545.5003767327769
-543.4877228182967
-543.4877228182967
-543.7502751869275
-544.6374764971658
-544.2409879100724
-544.2409879100724
-543.9994301785686
-543.8554434559035
-544.2133967388667
-542.6318778216495
-542.6318778216495
-544.4843839858133
-542.6492787503039
-542.736009163193
-542.736009163193
-542.736009163193
-542.736009163193
-542.736009163193
-543.536811166667
-543.536811166667
-543.7954984073049
-544.8351774951751
-544.5337219223212
-542.9915901234519
-542.6321822817523
-544.8730713994753
-542.6579591512013
-544.4351599300318
-544.5869965511909
-543.1450111759518
-544.5357052636637
-545.1594783782741
-543.8800713327038
-543.8061594947301
-546.4909889325257
-542.5636046616806
-541.8612496181447
-544.3942375472963
-542.9801304366631
-543.9961167447697
-545.0624235605412
-544.3468020570826
-543.2021706325479
-543.2021706325479
-542.6165907431806
-541.9113918968716
-541.9113918968716
-544.4430399469744
-544.4430399469744
-541.6900598279863
-541.6900598279863
-542.1131141180764
-542.1131141180764
-543.0718673965226
-543.0762892391672
-543.0762892391672
-543.0762892391672
-543.0762892391672
-543.219441803095
-545.5176995843464
-542.9851146918894
-542.9851146918894
-546.2847865184124
-542.9048377059135
-542.9824474641333
-542.7866666614445
-543.8682642661213
-543.8682642661213
-543.0491961990906
-543.0491961990906
-543.7961637612065
-545.6029343322435
-545.597423519007
-546.4478148193457
-543.8112102371117
-543.8112102371117
-543.7122506157609
-544.3244299436828
-544.0414602456614
-543.0325330315587
-541.7665692330266
-541.7665692330266
-543.6595529167278
-543.6595529167278
-543.9088956866935
-543.9088956866935
-542.7950492385312
-544.4947383392202
-543.5395560853023
-543.2871019999363
-543.2871019999363
-546.4103117747827
-544.0435321017561
-545.710700473082
-543.8793729953586
-543.8793729953586
-544.5215983931728
-543.6324855293458
-543.4487970058328
-543.4487970058328
-543.4487970058328
-543.4487970058328
-543.6941084396598
-544.4637774235107
-542.5619845437238
-543.6065701135453
-543.6222409601276
-544.7113655615523
-543.4272867664484
-545.3117926251325
-545.2411521629942
-545.2411521629942
-545.202126948855
-544.303167504809
-544.303167504809
-545.2701266148038
-545.6347965100657
-543.7818001967948
-545.5528790151807
-544.5270629848246
-545.3286376858066
-543.2023206416678
-543.2023206416678
-543.2023206416678
-543.2023206416678
-544.2944095880804
-544.2944095880804
-546.0783147201063
-544.4837829716284
-544.4837829716284
-544.7041404515962
-543.5812840800143
-543.5812840800143
-543.5812840800143
-543.2085111137433
-543.2085111137433
-543.2085111137433
-543.2085111137433
-543.2085111137433
-543.2085111137433
-543.2085111137433
-543.2085111137433
-543.2085111137433
-542.6648094032671
-542.6648094032671
-543.6242477670932
-543.6242477670932
-543.6242477670932
-543.6242477670932
-543.6242477670932
-546.3118693441638
-546.3118693441638
-546.3118693441638
-546.3118693441638
-546.3118693441638
-546.3118693441638
-546.3118693441638
-546.3118693441638
-544.7034987748675
-544.7034987748675
-546.4712176721036
-547.4931624807309
-547.4931624807309
-547.4931624807309
-545.9568092362719
-548.5274648524965
-548.0078540539631
-548.7547387519166
-544.1736952907834
-544.1736952907834
-544.1736952907834
-543.8393507873715
-544.1890030003369
-543.5170731293398
-543.7656420340004
-543.7656420340004
-545.2037230565373
-544.2116589760333
-544.2932225672954
-544.672680860673
-544.3371473061892
-544.3371473061892
-543.7973537383548
-543.7973537383548
-542.9387525133442
-542.9387525133442
-542.7959354079743
-542.7959354079743
-542.7959354079743
-543.944140311889
-543.944140311889
-544.0592090691563
-543.5315380460664
-544.7345998430944
-543.5378206557248
-545.5111483205065
-544.7365194180401
-543.6901804367835
-543.6901804367835
-542.6887699920007
-542.6887699920007
-543.9018757189223
-543.1191461162421
-542.3494489567806
-542.2111934908858
-543.7804085618353
-543.0752491996025
-544.9632071231065
-542.2478624266354
-542.8889984508551
-543.4000836746106
-542.8649464498789
-542.8649464498789
-543.6740095163457
-544.7237650853313
-545.0305031366538
-544.2795504207307
-546.9694927531509
-547.8729532083021
-546.1515125513782
-547.1608018860543
-544.545095046434
-544.9580130309195
-544.1083649971997
-543.9300537421386
-544.1477312024124
-544.5641464856129
-543.9144270743775
-543.9144270743775
-545.9342508598843
-544.1030004875698
-544.1030004875698
-544.1030004875698
-544.1030004875698
-544.1030004875698
-544.1030004875698
-544.1030004875698
-544.4018352996405
-544.6331888155411
-544.1123379628312
-544.0865262697542
-544.0690016537454
-543.035019540182
-543.035019540182
-543.035019540182
-543.035019540182
-543.3830704925917
-544.0948392130307
-543.6716893643836
-544.0337552780624
-544.4756375452442
-544.4756375452442
-544.4756375452442
-543.0257243305642
-544.666639817674
-543.2930169434477
-543.2930169434477
-543.2930169434477
-544.1725513238815
-544.1725513238815
-544.1725513238815
-545.332232251422
-545.332232251422
-545.332232251422
-545.332232251422
-545.332232251422
-543.1045145738362
-542.6246710240979
-543.0706439218388
-543.092149035495
-543.092149035495
-543.092149035495
-542.8172651643065
-542.8172651643065
-542.8172651643065
-543.1329117387428
