-617.3129431023513
-614.5523323096497
-615.104994519236
-615.6727913768306
-615.5195500202525
-616.4561627061678
-614.884186334792
-614.884186334792
-614.884186334792
-617.1069170668331
-616.7209272010106
-616.1147470291422
-614.8133099936526
-614.7898250247807
-616.9193510757372
-615.4138464554411
-615.4138464554411
-615.4138464554411
-615.1475849928221
-614.3785704338386
-614.4645351871495
-615.212834694087
-615.2914153454568
-615.1465304901484
-616.8190284583641
-616.1934935312441
-614.3329881152177
-614.3329881152177
-614.3329881152177
-614.3329881152177
-614.3329881152177
-614.3329881152177
-616.003097407576
-616.003097407576
-614.2350067523228
-613.8357933610672
-614.4023909402621
-615.6145843778185
-617.1536237710568
-617.3447969701385
-614.762752705193
-615.0454392286125
-614.5720754429902
-614.5720754429902
-614.5720754429902
-617.048220150314
-617.1400438283459
-615.064900975807
-614.8948846330919
-615.0858227404664
-615.7283515625588
-614.5432837514187
-614.1457527995727
-611.3132012418849
-611.3132012418849
-613.8317095802425
-611.6970142299065
-612.5087867809899
-613.3940614851485
-613.2950535955571
-613.176943835816
-615.7600072461831
-612.8442527925386
-613.3269701308114
-614.7870998022571
-612.6881343952235
-612.8503974966578
-613.7885095824286
-613.233968643875
-612.2558279821143
-612.6347686339187
-613.8009138095765
-612.977287971542
-612.977287971542
-612.5064970776406
-612.5064970776406
-611.4707737015093
-611.4707737015093
-611.4707737015093
-611.4707737015093
-612.4495336574956
-612.26462045435
-613.7755206532269
-614.6783515421445
-613.5464135922255
-614.4874385254327
-614.6426116533273
-613.7599899496632
-612.8876963236214
-612.0006260390471
-612.0006260390471
-612.3207168827856
-613.1073955336932
-611.7697255220914
-614.4437587182956
-614.4437587182956
-612.734250956401
-612.734250956401
-612.9587546155249
-612.9328439366815
-614.2867355406743
-613.1071173050742
-613.6629923795977
-614.3525580828488
-613.3050125792256
-612.2466073614338
-614.8587423042023
-616.1573417007118
-616.394067792056
-612.6903561781081
-611.7340050206639
-611.7340050206639
-611.7340050206639
-614.8823418401438
-613.0539275760065
-615.315581766849
-615.1953453859243
-613.5843417452755
-613.5843417452755
-613.3548128473724
-615.3454532813677
-613.4935091745637
-613.2076805298127
-615.0975425579901
-613.5617351359022
-614.8024846865341
-612.9767363627719
-612.9767363627719
-615.3252472940128
-614.4134408882093
-615.2883605328244
-614.1611294732933
-613.4446551809218
-615.7359176033252
-613.6832544758264
-613.8331317376244
-613.5337494223023
-613.1719836151423
-613.1719836151423
-615.3149963024028
-614.1346639402135
-613.0331542114027
-613.7162155879023
-613.7162155879023
-612.7459253324189
-612.7459253324189
-612.7459253324189
-615.4231668044231
-615.6471129288891
-616.3763091006069
-614.483079828784
-614.483079828784
-614.2473360352844
-613.8451701392365
-613.8451701392365
-613.8451701392365
-613.8451701392365
-613.8451701392365
-615.3488127483265
-615.1037129540725
-613.6066116264436
-613.6236163848522
-614.4022620814117
-614.0101254644742
-612.950407403685
-613.480486067751
-613.4885469568392
-615.1461679687412
-615.710838460561
-614.6285122917889
-614.1703413393082
-614.2383916559882
-614.2277494909241
-615.5807868489007
-616.0684184421963
-614.3080808819242
-614.4137014723359
-614.6318173075518
-614.4669292732868
-613.5657506629803
-614.0202129560162
-613.1998732702477
-613.1363904891842
-614.0636786498278
-615.4060028525853
-613.9303208077671
-612.6801065694585
-615.4829739220012
-613.9686607301107
-616.7251642751606
-616.3725839511123
-614.7098180583903
-614.7243314904505
-615.2665057859016
-613.5178184467237
-614.1832908433446
-614.8999061936008
-613.9640576426423
-613.9640576426423
-614.1951383302568
-616.2754979566305
-613.940767327695
-613.7631542165599
-613.7631542165599
-614.5479348088487
-614.5479348088487
-614.4865109431973
-615.814020580461
-614.6349843838362
-613.8805689919988
-615.2635758442486
-612.3078899919943
-612.3078899919943
-611.8737589830347
-614.944110784882
-613.8569110124104
-613.158608122754
-614.5293193123247
-612.5629724647201
-613.8794238527555
-612.4680184563249
-613.3399847565357
-611.8647374160378
-613.0257473571903
-611.7978487339351
-611.7978487339351
-613.9117840763755
-612.9006203378901
-611.7630445747913
-611.7630445747913
-611.7630445747913
-611.7630445747913
-611.7630445747913
-612.3459539699841
-613.672662996389
-613.430502922063
-614.4327817319191
-612.1430165877247
-611.7924006984172
-612.9787409616517
-613.791468353142
-612.9023675462668
-612.8615450036858
-612.7808774613338
-612.3304125841282
-612.3304125841282
-612.3304125841282
-612.3304125841282
-615.0700476989537
-611.6360184856499
-611.6360184856499
-611.6360184856499
-611.6360184856499
-612.1176604660076
-612.8996927034273
-615.466766127143
-613.7489921910872
-615.6142474175255
-615.7550404341732
-617.7677162900129
-615.2207504680946
-615.2207504680946
-613.618764693502
-613.618764693502
-613.618764693502
-614.3052317581329
-613.0491991862642
-612.6407417275701
-612.6407417275701
-614.0894440336288
-615.7202248005067
-612.7990348155242
-613.9316828991545
-614.9949872327084
-615.1313356166891
-615.785531616359
-615.785531616359
-615.785531616359
-615.3547268372682
-614.3861093121143
-614.3861093121143
-616.4123873954578
-614.0076260435105
-615.8169701344699
-615.0935989260599
-614.3537421129478
-614.7448870182874
-615.0417205019979
-614.736450776953
-615.285523982874
-615.2270563184228
-615.0622085176659
-615.1126624575729
-613.9176158279566
-614.5798263079445
-613.4217982280484
-613.4645653803628
-612.5198192958727
-612.0107760658143
-613.9534392068042
-612.6319525893855
-611.5283457333505
-612.3292467190067
-613.9562736387513
-613.8623829608275
-613.5698595967278
-614.3062567457323
-615.023968920639
-615.023968920639
-617.7087611156762
-615.5497838838296
-616.5592814109566
-613.4079696830711
-613.4079696830711
-614.7973171606321
-613.3713764527193
-614.4120031898266
-612.6872462599674
-613.7009819861
-612.0645329112364
-612.0645329112364
-612.0645329112364
-612.0645329112364
-612.0645329112364
-613.9483327491332
-615.5228501493393
-614.7230988268647
-615.0919023334235
-613.9390004241345
-614.502381574336
-617.8020448472924
-614.4083515254368
-613.099380796634
-613.099380796634
-612.7064989567751
-612.7064989567751
-614.666911032131
-614.666911032131
-614.4517491038745
-614.4517491038745
-614.3394825115804
-614.3394825115804
-613.7143101834273
-614.4437041403099
-612.8525942718755
-612.3621665735546
-611.7308227496229
-611.7308227496229
-611.7308227496229
-611.7901862419774
-611.6029723155323
-611.6029723155323
-613.1224893762184
-613.7715373580114
-613.1987740267334
-613.8105252287901
-612.4142773146699
-613.5784944126452
-612.7069666414501
-612.7069666414501
-612.0560062725594
-612.0560062725594
-613.8914921265842
-611.9513625275908
-611.9513625275908
-611.9513625275908
-611.9513625275908
-611.9513625275908
-611.9513625275908
-611.9513625275908
-613.8968150056772
-613.0288185648096
-613.0288185648096
-613.8687103252721
-613.8687103252721
-613.8687103252721
-613.8687103252721
-613.8687103252721
-613.8687103252721
-613.8687103252721
-613.8687103252721
-613.8687103252721
-613.8687103252721
-613.8687103252721
-613.8675446279688
-615.8999555411049
-615.0741695656959
-615.0741695656959
-615.0741695656959
-615.0741695656959
-615.0741695656959
-614.5598178371238
-614.8454425529435
-615.1963399253306
-615.1963399253306
-615.3567146547597
-616.6385242087467
-615.7003410462115
-615.9658463767611
-613.2630359377802
-614.51014684975
