-5797.913625886423
-5797.913625886423
-1091.2511090257533
-1091.2511090257533
-858.6220651493873
-621.5076310643801
-621.5076310643801
-622.3070774949283
-615.960897695537
-614.7209592770757
-614.6399278274087
-617.1449941869262
-612.937940751226
-612.937940751226
-614.369518441911
-611.4969124660046
-611.4969124660046
-611.4969124660046
-611.4969124660046
-611.4389411418788
-611.4389411418788
-611.4389411418788
-612.5543620345297
-615.2053516898677
-613.0386556915657
-612.7042836524247
-612.1163970513679
-613.2280009979872
-612.983478705103
-612.0667787434621
-614.5168435456709
-612.6699051104725
-613.4814606211135
-613.6089522326689
-612.9507979037674
-613.7867842184924
-612.668248764988
-614.0476458714702
-614.2428350291295
-613.955737599885
-613.214163979014
-613.214163979014
-612.6066207614093
-613.648094385498
-614.4430049079576
-615.1250519814446
-614.1009400114095
-613.5264651739695
-612.3200092707652
-612.3200092707652
-612.3200092707652
-612.3200092707652
-612.3200092707652
-611.8483933760048
-611.6498347797035
-612.3141777242768
-615.3914732121209
-613.261617464244
-613.4134027822626
-612.9466359315645
-612.9466359315645
-613.9569447405801
-615.4003935369651
-612.7593368484748
-612.6347152582414
-612.6347152582414
-615.6979741059656
-615.6979741059656
-616.4277498785323
-616.1547357597857
-617.603452703232
-616.329728327478
-617.1397588757465
-615.5258395251614
-611.704430669022
-611.704430669022
-613.5634147716202
-613.5634147716202
-614.2644748332455
-614.2759326751584
-612.0809192609667
-612.9748530751964
-612.712512571502
-616.7516228825207
-614.1786720823573
-613.47206047039
-614.0874275763156
-612.2090160172189
-611.5733380080461
-612.7293789249355
-611.7082762567787
-611.7082762567787
-613.2109427642722
-612.646451410923
-614.0026727814922
-614.0434489012774
-614.887760337837
-614.006877156402
-612.8457738920555
-612.9302465238728
-612.558539310284
-613.765666357794
-613.6137071961864
-613.0061428313114
-613.0061428313114
-613.0061428313114
-612.6810520831403
-614.020949328198
-612.8830239759709
-612.4523257536978
-611.9229221892145
-611.9229221892145
-611.9229221892145
-614.0875657336799
-612.1110285996808
-613.241815589928
-613.5730301995302
-616.8675663435151
-614.3014714369649
-613.3541119312486
-614.5395283978123
-613.0902300638407
-614.0318662453087
-613.3747796392689
-613.3747796392689
-614.5360382664361
-613.9579637025744
-615.2353596665798
-614.812206584506
-614.7749920854922
-613.8644302801777
-613.5919505360959
-612.4752192929964
-612.4752192929964
-612.4752192929964
-612.4752192929964
-612.4752192929964
-613.7642768926029
-612.3449593227205
-613.385137900648
-613.3017712848277
-613.9851468545411
-612.7719122295455
-612.996115249235
-611.9764273066769
-612.1667866139808
-613.2090838887946
-612.8899733637603
-613.7716933843546
-614.2877892860691
-611.8472069967819
-611.7269219405429
-611.7269219405429
-611.7269219405429
-613.2106139097707
-614.5530350146056
-613.1032481801232
-613.1032481801232
-613.1032481801232
-614.8134533352278
-614.6403133712887
-616.9587164175928
-617.9066264804825
-617.5141735526161
-614.7651607247082
-615.3876815623715
-615.1999947593672
-617.2085815357573
-613.9045278708879
-615.5213358110417
-615.53017473798
-614.3890203606717
-614.0461911983841
-615.0645028546908
-614.9727792258477
-614.6671310762632
-615.4150937052934
-613.5603330468895
-612.3396063136627
-613.0172434965293
-613.0172434965293
-612.8243932873621
-613.1201408613854
-613.1201408613854
-612.4845319982869
-612.4845319982869
-613.2187245525956
-611.7387352324756
-611.7387352324756
-611.7387352324756
-611.7387352324756
-611.7387352324756
-612.6567452010604
-612.4481193257014
-612.9404147660367
-612.9404147660367
-613.6332845251657
-612.3371578512545
-612.7147776279952
-612.7147776279952
-612.7147776279952
-612.7147776279952
-614.1799289856357
-612.9619516611738
-612.4495267232029
-612.4495267232029
-612.1705811132111
-612.1705811132111
-612.1705811132111
-614.1666845543399
-614.2431070951714
-613.8448436353209
-613.5593258903282
-613.5593258903282
-613.5593258903282
-613.8727951040399
-613.1673126890013
-613.0163277778331
-612.3688005741485
-613.8631599694303
-612.5113254906717
-613.0691212414365
-613.4077331212237
-614.455480915931
-613.5350231865887
-614.2472115925874
-613.6023958170733
-613.6023958170733
-613.2282072289986
-613.5728812526622
-613.6990194400692
-610.741093073751
-610.741093073751
-613.1089338483807
-614.624972939318
-615.1755442835711
-614.2852096194674
-612.4125427842195
-612.4125427842195
-611.9547506056588
-613.5780729181245
-612.7780655057303
-612.7780655057303
-613.2285003983059
-613.0467058852273
-613.0467058852273
-613.1027371502247
-612.6053643837464
-613.245323558542
-613.4882001613165
-613.4756816387394
-612.875565710383
-612.653240513979
-614.8931278110475
-614.1821670864277
-615.4864692856636
-614.0093398332627
-614.0890230537389
-613.8064775146295
-613.45139894255
-614.591338645944
-616.2913851423035
-615.2092306728566
-616.7711565794866
-616.7711565794866
-615.5588833424085
-615.4100091152064
-615.6375266261806
-616.2146379708191
-612.8666622741183
-617.4283090130104
-615.85110149349
-614.398297134136
-613.9184491346443
-613.9184491346443
-614.3844582407351
-613.6084380265213
-615.2552759544141
-615.3138238537567
-614.1925199194434
-613.9236480270555
-612.7358675509532
-611.0532219272701
-611.0532219272701
-611.0532219272701
-614.0649565510614
-611.9478737361337
-611.931423098507
-611.931423098507
-611.510416036356
-612.5985150876909
-612.1802038497455
-612.924758468914
-611.3565800435637
-611.3565800435637
-611.3565800435637
-613.5118603254888
-613.1231934124886
-615.7659056559215
-615.8611895429698
-614.6298442487953
-613.6769847468686
-613.8573493470923
-613.5027894916802
-613.1306369918091
-614.0638997811269
-612.0289891389631
-613.02976498093
-613.0061385394358
-613.8683125650782
-612.4993756605435
-615.5286946996247
-615.0321187928637
-613.5942865916221
-613.5942865916221
-613.5942865916221
-613.5942865916221
-614.7969894518702
-614.7969894518702
-614.2818395665729
-617.580407829349
-616.806279542534
-616.2778090096286
-615.9188662532936
-614.8151636864449
-616.8528708011517
-617.1166227760228
-615.4039987026174
-613.6572205598931
-614.0932938088133
-614.9059909113629
-617.335003343872
-614.6799615380424
-613.8035135370526
-614.5688082621976
-612.9689451539166
-614.9472017845189
-612.5718259930215
-614.8071523349812
-614.2222262994652
-614.2222262994652
-614.599339842002
-612.5456533825061
-612.5456533825061
-612.057528386573
-612.057528386573
-612.057528386573
-612.2369138001944
-613.7028203328675
-613.6735538815999
-615.4875149780347
-615.1606700819718
-617.4465709151511
-619.2707621623255
-614.9331003334486
-613.9398267626113
-616.365439610963
-613.7068058468453
-614.80302730776
-612.7094448138552
-614.05233331001
-611.5117417256554
-612.1098618041799
-612.850520144391
-612.9356517707093
-616.3656242430666
-614.4422301987013
-613.5772441457973
-613.1238592452438
-613.4718120699976
-615.5154534303161
-612.4627362949044
-611.3833569256642
-615.1573928485826
-613.2554905255954
-613.3145942775103
-612.9632846181582
-613.29039602121
-613.10645331459
-614.3707959697344
-614.3707959697344
-612.3373209256429
-613.8027147283985
-614.0207420649948
-613.0808030995667
-613.3889335037625
-613.2596353917961
-613.2906869507968
-614.1445022461886
-613.9035602947196
-613.9035602947196
-614.1448826499147
-614.0184457757172
-612.8240071722516
-612.8781975727011
-612.7420385719518
-612.7420385719518
-612.7420385719518
-612.7420385719518
-612.345768749608
-612.9171494698259
