NaN
2.088665
0.8760962
1.438931
1.438931
0.7111097
2.445645
3.166446
2.63888
3.110379
2.737587
2.450273
2.814248
2.089964
1.550582
1.848136
3.199306
2.911013
1.605971
2.407847
3.162172
3.019586
3.243943
3.146164
2.859561
2.506928
2.417293
2.799911
2.801588
3.066351
3.473221
3.055145
2.753909
2.885715
2.848795
2.698087
2.608073
2.517272
2.500447
2.520248
2.350943
2.208499
2.299394
2.317076
2.167614
2.142167
2.080152
1.87965
1.767824
1.739795
1.656506
1.564698
1.55617
1.438064
1.3164
1.239977
1.099187
1.002836
0.9436394
0.8960374
0.826145
0.771642
0.7775619
0.7054368
0.5876475
0.5567996
0.5622422
0.5155804
0.5062085
0.4644541
0.3936047
0.401181
0.3984136
0.368126
0.3750371
0.3830419
0.3266215
0.3081323
0.3210339
0.2944081
0.2981828
0.3268164
0.3079645
0.2845947
0.2705081
0.2958256
0.3073062
0.2902528
0.2936714
0.3110095
0.2802612
0.2341357
0.265573
0.2611214
0.2301854
0.2963086
0.2748014
0.2622714
0.3352038
0.3283455
0.3719688
0.413743
0.3185587
0.4972178
0.4767019
0.3034016
0.2677563
0.1252516
0.1411526
0.3267232
0.3472291
0.2016819
0.3416585
0.6261783
0.5336604
0.1428526
0
0
0
0
0
0
0
0.5071311
1.14723
0.6400989
0
0
0
0
1.325604
1.325604
0
0
0
0
2.610004
2.610004
0
2.231263
2.231263
0
0
0
0
0
