-1322.9352256983225
-1322.9352256983225
-1314.5980401098584
-1312.882765552115
-1312.882765552115
-1312.882765552115
-1312.882765552115
-1312.0456906348804
-1312.0456906348804
-1312.0456906348804
-1312.0456906348804
-1314.164635661658
-1311.0008627529162
-1311.0008627529162
-1311.0008627529162
-1311.0008627529162
-1311.0008627529162
-1311.0008627529162
-1311.0008627529162
-1311.0008627529162
-1311.0008627529162
-1311.0008627529162
-1310.3529017963115
-1310.3529017963115
-1310.3529017963115
-1310.3529017963115
-1310.3529017963115
-1310.3529017963115
-1311.2025177279584
-1311.2025177279584
-1311.2025177279584
-1311.3141043570363
-1311.3141043570363
-1311.3141043570363
-1311.3141043570363
-1311.3141043570363
-1311.3141043570363
-1312.1666249627747
-1312.1666249627747
-1312.1666249627747
-1312.1666249627747
-1312.1666249627747
-1312.3847303379307
-1312.3847303379307
-1311.4078518392723
-1311.4078518392723
-1311.7803289576664
-1311.7803289576664
-1311.7803289576664
-1311.7803289576664
-1313.8539696574733
-1313.8539696574733
-1311.3244568632606
-1311.3244568632606
-1311.3244568632606
-1310.7206681419912
-1310.7206681419912
-1310.7206681419912
-1310.7206681419912
-1310.7206681419912
-1310.7206681419912
-1310.7206681419912
-1310.7206681419912
-1310.7206681419912
-1310.7206681419912
-1310.7206681419912
-1310.7206681419912
-1310.7206681419912
-1310.7206681419912
-1310.7206681419912
-1310.7206681419912
-1310.7206681419912
-1310.7206681419912
-1310.7206681419912
-1310.7206681419912
-1310.7206681419912
-1310.7206681419912
-1310.7206681419912
-1310.7206681419912
-1310.7206681419912
-1310.7206681419912
-1313.9311006096304
-1310.5330168502937
-1310.5330168502937
-1313.389433059584
-1312.4306640383284
-1309.1218171886273
-1309.1218171886273
-1309.1218171886273
-1309.1218171886273
-1309.1218171886273
-1309.1218171886273
-1309.1218171886273
-1309.1218171886273
-1309.1218171886273
-1309.1218171886273
-1309.1218171886273
-1309.1218171886273
-1309.1218171886273
-1309.1218171886273
-1309.1218171886273
-1309.1218171886273
-1309.1218171886273
-1309.1218171886273
-1309.1218171886273
-1309.1218171886273
-1309.1218171886273
-1309.1218171886273
-1309.1218171886273
-1309.1218171886273
-1311.4989339626031
-1311.4989339626031
-1311.4989339626031
-1311.7273594608178
-1310.1975077693387
-1310.1975077693387
-1310.1975077693387
-1310.1975077693387
-1310.1975077693387
-1310.1975077693387
-1310.1975077693387
-1310.1975077693387
-1310.038553151832
-1310.038553151832
-1310.038553151832
-1310.038553151832
-1310.038553151832
-1310.038553151832
-1309.7292878438511
-1309.7292878438511
-1311.7460807804841
-1311.7460807804841
-1310.9743094488476
-1310.9743094488476
-1309.2301946818036
-1308.581888847602
-1308.581888847602
-1308.581888847602
-1308.581888847602
-1308.581888847602
-1308.581888847602
-1308.581888847602
-1308.581888847602
-1308.581888847602
-1310.4526715616512
-1310.4526715616512
-1310.4526715616512
-1310.4526715616512
-1310.4526715616512
-1310.4526715616512
-1311.030286880157
-1310.909471853326
-1310.909471853326
-1310.909471853326
-1311.532312066133
-1311.532312066133
-1310.8878508727505
-1310.8878508727505
-1310.8878508727505
-1311.9353573379242
-1312.46507821918
-1310.0446529226144
-1310.0446529226144
-1312.0467265376026
-1311.545002456307
-1311.545002456307
-1313.408301022365
-1312.6684468150156
-1311.682103853488
-1311.879970843332
-1309.938966344379
-1309.938966344379
-1309.938966344379
-1309.938966344379
-1314.7393883986672
-1313.1281351690093
-1313.1281351690093
-1312.6041772188842
-1312.6700068125042
-1311.7145267439682
-1311.7145267439682
-1311.7145267439682
-1311.7145267439682
-1311.6210441629316
-1312.0161761357986
-1311.1663639815886
-1311.1663639815886
-1311.1663639815886
-1311.9022260580227
-1310.2220111429717
-1310.2220111429717
-1312.6804655620722
-1312.2383914706988
-1312.2383914706988
-1310.541767945579
-1310.541767945579
-1310.541767945579
-1310.541767945579
-1308.4745064609117
-1308.4745064609117
-1308.4745064609117
