-1334.9204179391675
-1334.9204179391675
-1336.4951974036808
-1339.4442121402126
-1333.8797418411782
-1335.2261044197965
-1333.8895684170568
-1336.074958238978
-1335.071661171176
-1334.6258868001976
-1334.6788597263992
-1334.4264305675042
-1332.3831855349138
-1332.5566419669976
-1333.0120638475087
-1331.4190302398913
-1332.2052232683284
-1332.2052232683284
-1332.8734762715756
-1334.094745473762
-1333.1934928908233
-1333.2360891373232
-1330.6918724790678
-1329.0321636027663
-1331.1379383135943
-1329.7843494136978
-1329.2707678025113
-1325.766388211235
-1325.766388211235
-1325.766388211235
-1325.766388211235
-1325.766388211235
-1326.6773657933097
-1326.9346077523107
-1327.4199589942223
-1326.3344322662879
-1326.3344322662879
-1326.3344322662879
-1326.3344322662879
-1329.5764076471664
-1328.8472035238578
-1326.9722306903009
-1326.9722306903009
-1326.9722306903009
-1326.9722306903009
-1326.9722306903009
-1326.9722306903009
-1326.9722306903009
-1326.9722306903009
-1326.9722306903009
-1328.7087122820096
-1328.4935104730068
-1326.4340555677145
-1326.4340555677145
-1326.1017896016197
-1326.1017896016197
-1326.1017896016197
-1326.5710122305254
-1325.9292085120123
-1325.9292085120123
-1325.902800895131
-1328.5352100839036
-1327.6754621563068
-1326.5394597400307
-1326.0014914048356
-1329.034272113464
-1325.1997655933242
-1325.4763662264766
-1325.6940154890667
-1329.03089911002
-1325.8202614029342
-1325.8202614029342
-1325.3302486492646
-1326.5581995578982
-1324.1680285674088
-1326.1261579714346
-1325.5336548061443
-1326.1214351264423
-1326.6255547786002
-1326.0383972445077
-1327.2666096154105
-1327.2666096154105
-1325.8189228718677
-1325.8189228718677
-1324.803788305804
-1324.803788305804
-1325.6312101261608
-1325.6312101261608
-1325.6312101261608
-1326.3280123000345
-1325.8586604368681
-1325.4765712863561
-1324.4391711903472
-1327.2922272863018
-1325.5791860434776
-1325.5791860434776
-1327.1511474969857
-1323.1984370897476
-1323.1984370897476
-1324.9717845342789
-1324.3139862855467
-1323.7627971686
-1324.6254283861083
-1322.7116627581509
-1322.2121345855126
-1321.9660753329208
-1323.8441821077552
-1322.8061704704267
-1320.9535369507282
-1321.693971245378
-1320.771809351626
-1323.0941704650215
-1324.3464633654642
-1319.1154806904851
-1320.7341570586227
-1322.0800778530522
-1318.7051022827864
-1318.9635970149448
-1319.0223112113345
-1319.7723754731878
-1317.4999170218923
-1315.7484572390933
-1323.13512893724
-1317.288337568229
-1313.616622480167
-1313.616622480167
-1313.616622480167
-1313.616622480167
-1313.616622480167
-1313.616622480167
-1318.1650916004085
-1317.1642845025835
-1316.758771440309
-1317.2257297620145
-1316.7187524481967
-1315.7627322734158
-1313.665333540721
-1314.6372682325054
-1314.6372682325054
-1315.5415178431158
-1315.5415178431158
-1316.9287478404322
-1314.4037609091065
-1315.1817817218225
-1314.5761130495664
-1313.2793164826062
-1313.2793164826062
-1313.2793164826062
-1313.8535580889125
-1312.815044661895
-1313.1599986464591
-1311.882411545316
-1311.7427538199247
-1311.7427538199247
-1310.9567121660298
-1313.3744420400603
-1313.4137701082257
-1313.4138089781677
-1312.7307883606293
-1312.7307883606293
-1312.730096431698
-1312.6818705815967
-1313.1396504853903
-1313.935665730203
-1314.0171642117277
-1313.161916516882
-1312.9823550099934
-1313.1244060567485
-1311.791046091934
-1312.18328196632
-1310.970053709112
-1310.970053709112
-1311.5648356746663
-1312.9284886863757
-1311.6563379893228
-1311.6692418491014
-1312.611963003073
-1311.5863406302474
-1311.4962034350222
-1310.126922957733
-1310.126922957733
-1310.126922957733
-1311.0707319028934
-1313.670176655834
-1311.1916944539212
-1314.0193613236206
-1312.5053557403985
-1311.165689178369
-1311.082121632497
-1311.043333241725
-1311.004348114318
-1310.6699595186406
-1310.6034357479218
-1310.806113210105
-1310.3212123061508
-1310.9525616302444
-1311.246939203471
-1309.8972531224688
-1310.3704472364996
-1310.5257463854753
-1311.509113022222
