-1318.327123909858
-1318.327123909858
-1312.5941512191366
-1311.4549855173689
-1310.2669875704141
-1309.9136986235699
-1309.6171385971852
-1310.3361343345036
-1309.9118572840791
-1309.1002030388076
-1311.5926923295085
-1308.5687213171218
-1308.383156294146
-1311.598832056806
-1311.0920726588317
-1307.4316149025517
-1307.982858751461
-1309.6033528152454
-1311.6018200356439
-1306.6183389703144
-1306.6183389703144
-1306.6183389703144
-1306.6183389703144
-1306.6183389703144
-1306.6183389703144
-1311.1036957580397
-1309.2677728178403
-1306.329125493518
-1306.329125493518
-1306.329125493518
-1306.329125493518
-1306.329125493518
-1306.329125493518
-1310.752005789326
-1307.484497869681
-1309.957807175589
-1309.957807175589
-1311.0232122320733
-1308.8708233374246
-1308.1307114479007
-1309.424237007648
-1306.2004631953375
-1306.2004631953375
-1306.2004631953375
-1306.2004631953375
-1306.2004631953375
-1309.3622073161737
-1310.4922752908558
-1308.6801397147806
-1309.24042518086
-1309.0711083718088
-1315.0269870930147
-1310.0740634524425
-1310.5904794224411
-1309.1025089593375
-1308.9154159392467
-1308.9154159392467
-1310.159139196753
-1310.159139196753
-1309.8506307072648
-1308.3499358489237
-1307.3041735311342
-1307.9298574785264
-1307.9298574785264
-1307.9298574785264
-1307.9298574785264
-1308.5744410915352
-1308.8394589669074
-1307.5138006171574
-1308.3423022090196
-1309.261460250535
-1309.0280213263713
-1308.2167070674755
-1306.208184712141
-1306.208184712141
-1306.208184712141
-1306.208184712141
-1306.760507856182
-1306.760507856182
-1307.063424278462
-1307.3581439192171
-1307.4983825305465
-1309.2895724801274
-1306.4743407677913
-1306.1269942322913
-1305.9996567564344
-1305.9996567564344
-1306.5037156362714
-1305.9920345195887
-1305.9920345195887
-1307.0892972713575
-1307.5157033308603
-1309.1564802026903
-1307.2760002969662
-1307.988388411307
-1308.6760885741917
-1308.3856687181383
-1307.5653182604112
-1307.8287770179434
-1307.5919888518342
-1306.165083033865
-1306.3184066492759
-1308.4207202639477
-1306.6370516909067
-1309.305718871067
-1307.4428721201707
-1306.6090201577858
-1306.4517440708626
-1306.86458813
-1308.1425596777437
-1307.1679682200831
-1307.2249409279627
-1305.8649010496472
-1305.8649010496472
-1306.7391759951568
-1307.5190245836657
-1305.0076687949527
-1306.998104113739
-1305.5631156606498
-1306.803238331744
-1305.866069675758
-1306.2297820975461
-1306.195674095487
-1307.5654235759816
-1304.6836061823615
-1305.6471739902033
-1305.4723540906054
-1305.4723540906054
-1307.325503302094
-1306.6588443495705
-1306.7693802696583
-1305.443914687065
-1306.4425460323412
-1305.2212915981775
-1306.7115217438682
-1304.7973200828258
-1305.9949953020564
-1305.3915712906553
-1305.1313024129734
-1305.9281560785464
-1307.210725726282
-1305.267618801492
-1306.8936719802039
-1306.013509653651
-1305.3792534967213
-1304.8315617414294
-1305.4361500795462
-1307.1256894900055
-1306.7948756869362
-1304.7043183410476
-1305.683801226644
-1305.8726107975724
-1306.7173655112704
-1306.0490114424665
-1307.1745814308804
-1306.303708887545
-1306.0536607535762
-1305.9224103605372
-1308.1985401257639
-1307.2270035743154
-1306.004366373296
-1305.368094306339
-1305.638223895455
-1305.1396123510783
-1303.5148211933051
-1305.0066991085307
-1305.5434332864045
-1304.4148514841324
-1305.93998499876
-1305.7022232078925
-1304.9600999092422
-1305.1337986125964
-1304.8887881300464
-1304.8887881300464
-1304.0307525879032
-1304.8354610940073
-1306.0806352763286
-1305.8724325399176
-1306.5364659265747
-1305.2720244586299
-1303.9545816991479
-1305.2617376093142
-1304.5749461776606
-1305.0129057258478
-1303.9074783781348
-1303.8835860129216
-1303.5173838966618
-1303.9165935315036
-1304.7716833654174
-1304.36652831043
-1305.8542559989685
-1304.3451191094014
-1304.8924210979517
-1304.1708133847112
-1303.2270348316167
-1304.5143631467536
-1306.4615636648641
-1305.4155043107437
-1307.6075880068893
-1305.9235728998892
-1306.1726546650998
