-1347.7179970520504
-1347.7179970520504
-1329.8636289149854
-1329.8636289149854
-1329.8636289149854
-1329.8636289149854
-1330.2637191905542
-1332.1042000639122
-1331.6066073242155
-1331.9194485334774
-1330.9727390017893
-1328.6890444208775
-1328.5984880458043
-1328.5984880458043
-1329.9042759994552
-1332.2487262514076
-1331.115751712875
-1328.2321703463545
-1328.2346559000025
-1327.9847822185668
-1328.013208252101
-1326.0298194405925
-1326.0298194405925
-1326.0298194405925
-1326.0298194405925
-1326.0298194405925
-1326.0298194405925
-1327.691880096138
-1327.691880096138
-1327.691880096138
-1327.691880096138
-1327.691880096138
-1327.691880096138
-1327.691880096138
-1327.691880096138
-1327.691880096138
-1327.691880096138
-1327.691880096138
-1327.691880096138
-1327.691880096138
-1327.691880096138
-1327.691880096138
-1327.691880096138
-1327.691880096138
-1327.691880096138
-1327.691880096138
-1327.5835548978307
-1327.5835548978307
-1329.0130428453335
-1329.0130428453335
-1328.5500039640626
-1327.9725191428763
-1328.3746417276823
-1328.3746417276823
-1326.314523292458
-1326.314523292458
-1326.314523292458
-1326.314523292458
-1326.314523292458
-1325.080213456128
-1325.080213456128
-1325.080213456128
-1325.080213456128
-1326.6827518366256
-1326.6827518366256
-1326.6827518366256
-1326.6827518366256
-1326.6827518366256
-1324.807078854056
-1324.807078854056
-1324.807078854056
-1324.6407537855382
-1324.6407537855382
-1324.6407537855382
-1324.6407537855382
-1324.6407537855382
-1324.6407537855382
-1324.6407537855382
-1324.6407537855382
-1324.6407537855382
-1326.774007916329
-1325.836597118908
-1323.9569611406414
-1323.9569611406414
-1323.9569611406414
-1323.9569611406414
-1323.9569611406414
-1323.9569611406414
-1323.9569611406414
-1323.9569611406414
-1323.9569611406414
-1323.9569611406414
-1323.9569611406414
-1323.9569611406414
-1323.9569611406414
-1323.9569611406414
-1323.9569611406414
-1323.9569611406414
-1323.9569611406414
-1323.9569611406414
-1323.9569611406414
-1326.9187733467513
-1323.764262381847
-1323.764262381847
-1323.764262381847
-1323.5012411429702
-1323.5012411429702
-1323.5012411429702
-1323.5012411429702
-1326.4745446909337
-1326.4745446909337
-1327.0160879223981
-1329.2700689093492
-1329.2333321684998
-1327.8010015434593
-1327.8957307648545
-1327.8957307648545
-1323.9274611804803
-1323.9274611804803
-1323.9274611804803
-1323.9274611804803
-1323.9274611804803
-1328.0354855799696
-1328.0354855799696
-1326.377863399286
-1326.377863399286
-1326.377863399286
-1323.9311754373218
-1323.9311754373218
-1325.5142320577402
-1325.5142320577402
-1325.5142320577402
-1325.5142320577402
-1325.5142320577402
-1322.4496502608517
-1322.4496502608517
-1322.4496502608517
-1322.4496502608517
-1322.4496502608517
-1322.4496502608517
-1322.4496502608517
-1322.4496502608517
-1322.4496502608517
-1322.4496502608517
-1322.4496502608517
-1322.4496502608517
-1322.4496502608517
-1322.4496502608517
-1322.4496502608517
-1322.4496502608517
-1322.4496502608517
-1322.4496502608517
-1322.4496502608517
-1322.4496502608517
-1322.4496502608517
-1322.4496502608517
-1322.4496502608517
-1322.4496502608517
-1322.4496502608517
-1322.4496502608517
-1322.4496502608517
-1322.4496502608517
-1322.4496502608517
-1322.4496502608517
-1322.4496502608517
-1322.4496502608517
-1322.4496502608517
-1322.4496502608517
-1322.4496502608517
-1322.4496502608517
-1322.4496502608517
-1322.4496502608517
-1322.4496502608517
-1322.4496502608517
-1322.4496502608517
-1322.4496502608517
-1322.4496502608517
-1322.4496502608517
-1322.4496502608517
-1322.4496502608517
-1322.4496502608517
-1322.4496502608517
-1322.4496502608517
-1322.4496502608517
-1322.4496502608517
-1322.4496502608517
-1322.4496502608517
-1322.4496502608517
-1322.4496502608517
-1322.4496502608517
-1322.4496502608517
-1322.4496502608517
-1322.4496502608517
-1322.4496502608517
-1322.4496502608517
-1322.4496502608517
-1322.4496502608517
-1322.4496502608517
-1322.4496502608517
-1326.6537330101794
-1326.6537330101794
