-737.606529068327
-737.606529068327
-728.353605862625
-728.353605862625
-726.9310602187668
-727.177603988726
-721.252117068035
-714.9685829298245
-715.1929136586181
-713.6449331517224
-711.3175605610677
-709.3029817042371
-709.3029817042371
-712.6301609820925
-712.3177252845101
-712.3177252845101
-712.3177252845101
-712.3177252845101
-713.095350455728
-713.095350455728
-715.0205090769979
-712.5034945221767
-712.5034945221767
-711.2900405032976
-711.2900405032976
-711.2900405032976
-712.949979974709
-716.9440538650589
-711.447288672076
-711.447288672076
-711.447288672076
-711.447288672076
-714.3093639390225
-714.3093639390225
-710.6335561801739
-710.6335561801739
-715.7505017669481
-714.1212070737035
-714.748336764768
-714.748336764768
-714.748336764768
-714.748336764768
-714.748336764768
-714.748336764768
-715.6319861481128
-711.1520996994831
-712.96677710473
-711.200650241608
-711.200650241608
-712.9347594394425
-712.676050913643
-712.676050913643
-712.4440804157346
-714.9472490829237
-713.0512563374845
-713.0512563374845
-712.1871721281536
-710.74396570416
-713.8167509910531
-712.3179446849083
-713.3735033962115
-712.762965490096
-712.762965490096
-712.762965490096
-712.9649531251321
-710.1673912338673
-711.8662793947483
-711.8662793947483
-711.8662793947483
-714.3344332198407
-712.5344600082059
-712.5344600082059
-712.5344600082059
-714.1138410361616
-714.1138410361616
-714.1138410361616
-715.8599828657725
-717.8979036946251
-717.5381225889181
-717.5381225889181
-720.6985890157955
-711.5151872697099
-714.1725829100234
-714.1389142048447
-715.2927285511631
-718.2532336593224
-715.4442194429948
-711.5364684282558
-713.510884224938
-713.510884224938
-713.510884224938
-714.7194389240793
-712.3134698105225
-712.3134698105225
-708.6864997340842
-708.6864997340842
-708.6864997340842
-714.720719182899
-709.3942662639847
-709.3942662639847
-709.3942662639847
-709.3942662639847
-709.3942662639847
-709.3942662639847
-709.3942662639847
-709.3942662639847
-711.1628452509325
-711.1628452509325
-711.1628452509325
-711.1628452509325
-711.1628452509325
-711.1628452509325
-711.1628452509325
-711.1628452509325
-711.1628452509325
-711.1628452509325
-712.2415045696312
-714.1343383608049
-713.2960347843755
-714.1849521461128
-714.1849521461128
-714.1849521461128
-714.1849521461128
-715.7804577167719
-712.4948326849387
-712.4948326849387
-712.894355551299
-712.7712275660547
-712.7712275660547
-712.7712275660547
-712.7712275660547
-712.7712275660547
-712.6029884275639
-714.9104374080185
-714.3402405106652
-716.8386907870089
-713.3812063177825
-713.3812063177825
-711.8176050052643
-711.8176050052643
-711.8176050052643
-711.8176050052643
-712.2754380804308
-711.5154210253938
-708.985536246688
-712.5743175133674
-712.5743175133674
-712.5743175133674
-712.5743175133674
-712.5743175133674
-712.5743175133674
-712.5743175133674
-712.5743175133674
-712.5743175133674
-712.5743175133674
-712.5743175133674
-712.5743175133674
-712.5743175133674
-713.0014227135448
-713.0014227135448
-715.3436499004741
-713.0268058383497
-711.5317506172421
-711.5317506172421
-711.5317506172421
-712.0385127184693
-712.0385127184693
-712.0385127184693
-712.0385127184693
-712.0385127184693
-712.0385127184693
-711.8717927075004
-711.8717927075004
-717.1781069883037
-715.0818083780238
-714.1666660124789
-709.9455790835826
-711.8176270709989
-714.2427334381863
-714.4137468067145
-714.4137468067145
-712.5155219638389
-712.2925861443545
-715.8920325204782
-713.380974999897
-713.380974999897
-713.380974999897
-713.380974999897
-713.380974999897
-713.380974999897
-714.9397783605831
-714.9397783605831
-714.9397783605831
-714.9397783605831
-714.9397783605831
-714.9397783605831
-714.9397783605831
-714.9397783605831
-714.9397783605831
-714.9397783605831
-714.9397783605831
