-730.9545656813824
-730.9545656813824
-719.5176520774589
-718.1892134072853
-718.1892134072853
-721.3528230618679
-717.6432891823167
-717.7320323542008
-717.0769016854996
-711.5658488841445
-711.5658488841445
-713.5223646123753
-713.5223646123753
-713.5223646123753
-713.5223646123753
-718.1655453860056
-714.414778788027
-714.240493361406
-714.240493361406
-714.240493361406
-714.240493361406
-710.6028621001091
-713.0444151694346
-713.0444151694346
-713.2044111531549
-713.2044111531549
-713.2044111531549
-713.2044111531549
-713.2044111531549
-713.2044111531549
-713.2044111531549
-711.9793766344113
-711.9793766344113
-711.9793766344113
-711.9793766344113
-718.6712604834986
-711.6652678680568
-711.6652678680568
-710.0126323667478
-710.0126323667478
-710.0126323667478
-711.8045629881283
-712.4957729803248
-712.1382233699585
-709.8326270741265
-709.8326270741265
-709.8326270741265
-709.8326270741265
-709.8326270741265
-709.8326270741265
-712.779926155486
-712.779926155486
-714.296038645557
-713.1510689402677
-709.8414292476149
-712.1656520516193
-713.9006745812565
-714.6843384292318
-713.2358895737273
-711.7611257699627
-711.7611257699627
-711.7611257699627
-711.7611257699627
-717.8745531547893
-715.4826519668709
-715.3965630611932
-715.0121108137376
-714.6995769714459
-712.6551927196167
-713.7964944985812
-713.010032238696
-713.8789658567327
-713.8789658567327
-717.3175042562602
-717.3175042562602
-717.3175042562602
-717.3175042562602
-712.5027953485478
-711.8969670006682
-711.8969670006682
-714.5296651816734
-713.6300594978202
-713.2042532757147
-712.9906949550991
-712.9906949550991
-712.9802739418515
-714.5486825398166
-714.5486825398166
-714.5486825398166
-719.6091753564142
-719.6091753564142
-719.2605910732415
-719.2605910732415
-719.2605910732415
-719.2605910732415
-719.2605910732415
-719.2605910732415
-719.2605910732415
-719.2605910732415
-719.2605910732415
-719.2605910732415
-718.5508134526989
-717.4359017925942
-719.4218115398855
-719.4218115398855
-713.8755647212276
-714.7061459182257
-715.9046340184127
-712.5741045617075
-713.6492512290195
-713.6492512290195
-713.6492512290195
-713.6492512290195
-713.6492512290195
-713.6492512290195
-713.6492512290195
-713.6492512290195
-713.6492512290195
-713.6492512290195
-713.6492512290195
-713.6492512290195
-714.4398881469376
-714.4398881469376
-714.4398881469376
-714.4398881469376
-714.4398881469376
-714.4398881469376
-714.4398881469376
-714.4398881469376
-714.4398881469376
-714.4398881469376
-714.4398881469376
-714.4398881469376
-714.4398881469376
-714.4398881469376
-714.4398881469376
-714.4398881469376
-714.4398881469376
-714.4398881469376
-714.2379751069615
-714.2379751069615
-716.8405006147659
-715.2739304169567
-713.1172773858102
-711.6089913149348
-711.6089913149348
-710.816666984603
-710.816666984603
-710.816666984603
-710.816666984603
-710.816666984603
-710.816666984603
-710.816666984603
-710.816666984603
-710.816666984603
-710.816666984603
-710.816666984603
-716.4263360578984
-710.1022348339549
-710.1022348339549
-710.1022348339549
-710.1022348339549
-710.1022348339549
-714.0352988948172
-712.3419661545006
-713.2311083699992
-713.190814006463
-710.2606969241913
-710.2606969241913
-713.6989169180083
-713.6989169180083
-711.9685143687765
-711.9685143687765
-710.9174584759918
-710.9174584759918
-710.9174584759918
-710.9174584759918
-710.9174584759918
-712.3107413350506
-711.3521924376247
-713.9761673233279
-709.0567583739372
-709.0567583739372
-709.0567583739372
-713.1000082994249
-712.0718772280769
-717.6026766589956
-716.1479895546518
-718.3567730739064
-712.0721192790757
-710.8607335558956
-710.8607335558956
-710.8607335558956
-710.8607335558956
-711.2359695155725
-711.2359695155725
-711.0867950261518
-711.0867950261518
-711.0867950261518
-711.0867950261518
-711.0867950261518
