-731.0705387967668
-731.0705387967668
-743.3312535431396
-743.3312535431396
-730.648687667964
-730.648687667964
-724.7761508159899
-719.7597647353626
-715.88281549859
-720.7784116124893
-719.5943493192572
-719.5943493192572
-719.5943493192572
-715.2537617838456
-714.4177251057996
-715.2569409449936
-711.9854280414584
-711.9854280414584
-712.4287155743871
-712.4287155743871
-712.4287155743871
-712.0063053648151
-712.0063053648151
-712.0063053648151
-710.8477530995373
-710.8477530995373
-710.8477530995373
-710.8477530995373
-710.8477530995373
-710.8477530995373
-710.8477530995373
-710.8477530995373
-710.8477530995373
-710.8477530995373
-711.8782123587828
-711.6180028147769
-713.4410295387124
-713.9573424160872
-713.9573424160872
-714.8615336984952
-714.8615336984952
-716.194242544901
-710.9828995711349
-710.1270204518768
-709.7241493689778
-709.7241493689778
-709.7241493689778
-709.7241493689778
-709.7241493689778
-711.5225294219721
-711.5225294219721
-711.5225294219721
-711.5225294219721
-711.5225294219721
-711.5225294219721
-711.5225294219721
-711.5225294219721
-711.5225294219721
-711.5225294219721
-711.5225294219721
-711.5225294219721
-711.5225294219721
-711.5225294219721
-711.5225294219721
-711.5225294219721
-711.5225294219721
-711.5225294219721
-711.5225294219721
-711.5225294219721
-711.5225294219721
-711.5225294219721
-711.5225294219721
-711.5225294219721
-711.5780921712222
-711.5780921712222
-710.751659955471
-710.751659955471
-712.1290977799522
-712.1290977799522
-712.1290977799522
-712.1290977799522
-715.500899393577
-714.2812838880969
-711.5257063843488
-713.9372181288393
-713.9372181288393
-713.9372181288393
-713.6219300338616
-714.5498462606839
-712.9682893343562
-713.2140893345598
-715.3148752926217
-715.3148752926217
-717.2648930857723
-711.5609641913729
-711.5609641913729
-711.5609641913729
-711.5609641913729
-711.5609641913729
-711.5609641913729
-711.5609641913729
-711.5609641913729
-711.5609641913729
-711.5609641913729
-709.4178837302842
-709.4178837302842
-709.4178837302842
-709.4178837302842
-709.4178837302842
-709.4178837302842
-709.4178837302842
-709.4178837302842
-709.4178837302842
-709.4178837302842
-709.4178837302842
-709.4178837302842
-709.4178837302842
-709.4178837302842
-709.4178837302842
-710.8877214202021
-712.6185942818
-712.7834730146487
-712.7834730146487
-712.7834730146487
-712.7834730146487
-712.7834730146487
-712.7834730146487
-715.3345473369334
-716.7402957938494
-716.7402957938494
-716.4829352123625
-716.4829352123625
-714.3380048149921
-716.1969939899585
-711.9676254316832
-711.9676254316832
-714.8723901978592
-711.7471264568987
-713.1333664026874
-710.6318296072116
-710.6318296072116
-710.6318296072116
-710.6318296072116
-710.6318296072116
-717.3070071905373
-713.9445856113203
-715.1127419959195
-715.1127419959195
-715.1127419959195
-715.1127419959195
-710.9007870454507
-710.9007870454507
-713.7311407913867
-713.7311407913867
-713.7311407913867
-713.7311407913867
-715.2158112718568
-714.4322622904983
-713.7813529169899
-709.7140615211865
-714.66833503589
-715.9778261418988
-715.0147538022684
-715.0147538022684
-716.8743421784895
-711.4866525493202
-711.6780455324707
-713.2377234324107
-713.2377234324107
-713.2377234324107
-713.2377234324107
-720.2479491221915
-715.3748685564486
-716.288754561586
-717.570550186358
-713.2753934531373
-715.0106715930106
-715.0106715930106
-711.4498143054258
-714.7920764652441
-714.053400092797
-714.053400092797
-714.053400092797
-714.4255514220739
-713.1446215818606
-713.1913164753519
-713.1913164753519
-713.1913164753519
-713.1913164753519
-714.1252932624279
-714.1252932624279
-713.0292148726045
-714.6721742400819
-714.1188513405501
-714.1188513405501
-712.5060497680465
-714.0914119623645
-714.0914119623645
-714.0914119623645
-711.4241193342796
-711.4241193342796
