-887.8242168496773
-754.260842753859
-751.9801574992221
-751.9801574992221
-748.1885811092613
-748.1885811092613
-748.1885811092613
-748.1885811092613
-744.9209075300348
-748.6025341943111
-745.6265195426673
-736.4240822006377
-736.4240822006377
-727.0064724069123
-727.0064724069123
-727.0064724069123
-727.0064724069123
-727.0064724069123
-727.0064724069123
-727.0064724069123
-727.0064724069123
-727.0064724069123
-722.3637519487011
-719.0291586481156
-719.0291586481156
-719.0291586481156
-719.0291586481156
-719.0291586481156
-719.0291586481156
-719.0291586481156
-719.0291586481156
-719.0291586481156
-719.0291586481156
-719.0291586481156
-719.0291586481156
-719.0291586481156
-719.0291586481156
-719.0291586481156
-719.0291586481156
-719.8833604704755
-719.8833604704755
-719.8833604704755
-719.8833604704755
-719.8833604704755
-719.8833604704755
-719.8833604704755
-719.8833604704755
-722.5721190427628
-719.5390321722803
-719.5390321722803
-720.0972754534763
-720.7001846194172
-720.7001846194172
-720.7001846194172
-721.0359007945373
-717.2239273587597
-717.2239273587597
-716.175613853607
-713.6984982067062
-713.5346433213865
-713.5346433213865
-713.5346433213865
-713.5346433213865
-713.5346433213865
-713.5346433213865
-713.5346433213865
-713.5346433213865
-716.2289818908282
-713.6950770580751
-713.6950770580751
-715.6608545403382
-715.1983468670416
-715.1479052839534
-715.1479052839534
-712.1898178615581
-712.1898178615581
-709.2896500474443
-712.875399385944
-712.875399385944
-715.3842752319821
-715.3842752319821
-715.3987452418428
-718.2898189377067
-718.2898189377067
-718.2898189377067
-717.7323779641848
-715.76291336319
-715.76291336319
-715.76291336319
-714.3078438016596
-714.3078438016596
-714.3078438016596
-714.3078438016596
-716.0668166996645
-712.3793217397514
-715.6740558753728
-709.352120495834
-709.352120495834
-716.4595864975823
-716.4595864975823
-713.1280796803762
-713.1280796803762
-715.3132930239803
-715.3132930239803
-711.2826106041296
-711.2826106041296
-714.1690226618364
-715.0021988955846
-715.0021988955846
-713.2846425332087
-712.3599048848253
-712.3599048848253
-712.3599048848253
-712.3599048848253
-712.3599048848253
-710.7717214660057
-710.7717214660057
-710.7717214660057
-710.7717214660057
-710.7717214660057
-710.7717214660057
-710.7717214660057
-710.7717214660057
-710.7717214660057
-710.7717214660057
-710.7717214660057
-710.7717214660057
-710.7717214660057
-710.7717214660057
-710.7717214660057
-710.7717214660057
-710.7717214660057
-710.7717214660057
-714.3933670333222
-714.078354242968
-713.2583958823516
-710.7672345125661
-710.7672345125661
-710.0421414641058
-710.0421414641058
-710.0421414641058
-710.0421414641058
-710.0421414641058
-710.0421414641058
-710.0421414641058
-710.0421414641058
-710.0421414641058
-710.0421414641058
-710.0421414641058
-710.0421414641058
-710.0421414641058
-710.0421414641058
-710.0421414641058
-710.0421414641058
-710.0421414641058
-710.0421414641058
-710.0421414641058
-712.6809153473599
-709.95096654243
-709.95096654243
-709.95096654243
-713.285287344501
-713.2991529521731
-712.6786777386217
-710.9930743402616
-710.9930743402616
-710.6062580307547
-710.6062580307547
-711.2025617989864
-711.2025617989864
-711.2025617989864
-711.2025617989864
-711.2025617989864
-716.1004893071647
-713.2818686487934
-713.2818686487934
-713.2818686487934
-711.1437603723577
-711.1437603723577
-711.1437603723577
-712.3977150980674
-713.0150373582285
-713.6213254060021
-713.2041739726529
-713.2041739726529
-712.295843262616
-712.295843262616
-712.295843262616
-712.295843262616
-712.9325491911545
-712.9325491911545
-712.0470645682294
-715.275462703494
-712.5572648327777
-710.4594707846886
-710.4594707846886
-710.4594707846886
-710.4594707846886
-716.5521401208259
-711.1826396077854
-712.2330100942291
