-611.0080998646433
-611.0080998646433
-610.1969060567084
-610.9816611543602
-610.3272699348864
-610.3272699348864
-608.9452455296372
-582.8673852641255
-582.8673852641255
-582.8673852641255
-582.8673852641255
-582.8673852641255
-582.8673852641255
-582.8673852641255
-582.8673852641255
-582.8673852641255
-582.8673852641255
-582.8673852641255
-582.8673852641255
-582.8673852641255
-582.168991059571
-582.168991059571
-582.168991059571
-582.168991059571
-582.168991059571
-582.168991059571
-582.168991059571
-582.168991059571
-582.168991059571
-582.168991059571
-582.168991059571
-582.168991059571
-582.168991059571
-582.168991059571
-582.168991059571
-582.168991059571
-582.168991059571
-582.168991059571
-582.168991059571
-582.168991059571
-582.168991059571
-582.168991059571
-582.168991059571
-582.168991059571
-582.168991059571
-582.168991059571
-582.168991059571
-582.168991059571
-582.168991059571
-576.4849816061934
-576.4849816061934
-575.2312004943902
-575.2312004943902
-575.2312004943902
-571.951728015533
-571.6145659235069
-569.0053831900832
-569.0053831900832
-569.0053831900832
-569.0053831900832
-569.0053831900832
-556.2674670687694
-556.2674670687694
-556.2674670687694
-556.2674670687694
-556.2674670687694
-556.2674670687694
-556.2674670687694
-556.2674670687694
-556.2674670687694
-556.2674670687694
-556.2674670687694
-556.2674670687694
-556.2674670687694
-556.2674670687694
-556.2674670687694
-556.2674670687694
-556.2674670687694
-556.2674670687694
-556.2674670687694
-556.2674670687694
-556.2674670687694
-556.2674670687694
-556.2674670687694
-556.2674670687694
-556.2674670687694
-556.2674670687694
-556.2674670687694
-556.2674670687694
-556.2674670687694
-556.2674670687694
-556.2674670687694
-556.2674670687694
-556.2674670687694
-554.2190305144405
-554.2190305144405
-554.2190305144405
-554.2190305144405
-553.5135847081859
-553.5135847081859
-553.6626815867239
-552.1335016679062
-552.1335016679062
-551.6788016247936
-550.2962771450646
-549.0574800593637
-549.0574800593637
-550.8199701415537
-548.8277113702005
-548.8277113702005
-550.4820266271597
-545.4888624278974
-545.5093229895502
-544.4549145625055
-544.9708083737476
-545.3666648593763
-545.0996743924376
-544.7650952070012
-544.7650952070012
-544.7267310693918
-544.6614832509973
-544.3913701889886
-544.4702631805088
-544.4702631805088
-544.6587723447358
-543.3170731187782
-543.3170731187782
-546.7012532288269
-545.999335099635
-544.45508659473
-546.0004692566886
-542.3547944780655
-542.4762839816534
-543.4116070760999
-544.1055674936035
-541.7180019525983
-543.3064078291109
-543.3064078291109
-541.8657819531363
-544.4957976933297
-543.1459218525918
-543.1459218525918
-543.1459218525918
-542.221685752599
-542.221685752599
-542.221685752599
-542.221685752599
-542.221685752599
-542.221685752599
-542.221685752599
-542.221685752599
-542.5915487019114
-543.7052776728278
-542.2566027408448
-542.2566027408448
-543.9021116120585
-545.782541826532
-544.9421091883372
-544.9421091883372
-543.172624915453
-543.172624915453
-543.1314615396383
-543.295391163562
-543.4874884338349
-544.0328776651664
-544.6056332412456
-544.6056332412456
-545.4642483343448
-546.8330161526641
-546.8330161526641
-545.9234809317168
-546.4037722796211
-542.1213260086149
-542.1213260086149
-542.1213260086149
-542.1213260086149
-542.1213260086149
-542.1213260086149
-542.1213260086149
-542.1213260086149
-542.1213260086149
-542.1213260086149
-542.1213260086149
-542.1213260086149
-542.1213260086149
-542.1213260086149
-542.1213260086149
-542.1213260086149
-542.1213260086149
-542.1213260086149
-542.1213260086149
-542.1213260086149
-547.3152914670455
-544.5337783731811
-543.1619660639966
-543.8180702843712
-543.5990360596227
-541.751081722022
-541.751081722022
-541.751081722022
-543.0211990172908
-543.0211990172908
-541.8231038199848
-541.8231038199848
-541.8231038199848
-541.8231038199848
-541.8231038199848
-541.8231038199848
-544.0892095352085
-544.4103074297683
-543.350427279407
-542.8364077282904
-542.8364077282904
-542.0788821901408
-542.0788821901408
-542.0788821901408
-543.4685860167374
-543.4685860167374
-543.4685860167374
-543.4685860167374
-543.4685860167374
-543.8824207059531
-541.7884486076719
-541.7884486076719
-541.7884486076719
-541.7884486076719
-541.7884486076719
-543.5227334024311
-543.5227334024311
-543.3250139672086
-543.3250139672086
-541.3601169154978
-541.3601169154978
-541.3601169154978
-541.3601169154978
-541.3601169154978
-542.0911789851777
-543.470471798286
-543.8571735004816
-543.9903267297422
-544.6448567641918
-543.943188014874
-543.8110040042058
-543.8110040042058
-542.9655869409476
-541.5617431243451
-541.5617431243451
-541.5617431243451
-541.5617431243451
-543.5194506012867
-542.9532965066825
-542.3292585937446
-543.6731146724594
-542.9260828008075
-542.9260828008075
-545.3307831436181
-544.5459097404847
-544.476034876657
-544.476034876657
-541.8995147023599
-541.8995147023599
-541.8995147023599
-541.8995147023599
-541.8995147023599
-541.9379179446552
-541.9379179446552
-541.9379179446552
-541.9379179446552
-545.8264534097384
-543.5979163001571
-543.5979163001571
-543.5979163001571
-543.5979163001571
-543.5979163001571
-543.5979163001571
-545.6685055407941
-545.6685055407941
-545.6685055407941
-545.8353279237986
-543.7587846904786
-544.5436041735312
-542.6867802847793
-542.9404318101078
-542.9404318101078
-542.9404318101078
-543.2108696511484
-543.2108696511484
-543.5757381717297
-542.4632356615786
-542.4632356615786
-542.4632356615786
-542.4632356615786
-542.4632356615786
-543.3162681972054
-542.5077127697673
-542.5077127697673
-542.5077127697673
-544.528822392442
-544.528822392442
-544.528822392442
-542.8979882219136
-542.6512998167349
-542.9174270457597
-542.4869838880306
-542.4869838880306
-542.4869838880306
-544.4614280212903
-544.0609564699887
-543.0391160055178
-543.0391160055178
-543.0391160055178
-543.778277474076
-543.778277474076
-543.778277474076
-544.0100983548144
-544.0100983548144
-542.4320918766186
-544.9145522097002
-543.955473348246
-546.0475839859504
-544.5204920738529
-542.2261957529499
-542.1391140438724
-543.4662510879855
-541.6266888451548
-542.1194474849509
-542.1194474849509
-543.1976247619883
-543.1976247619883
-543.1976247619883
-543.1976247619883
-543.1976247619883
-543.1976247619883
-543.6669573165327
-543.4676035211702
-543.678436068825
-543.8608211776353
-543.8608211776353
-543.8608211776353
-543.8608211776353
-543.3141444709353
-543.3141444709353
-547.8013949028737
-547.8013949028737
-545.6827589767128
-544.5598545917612
-544.5598545917612
-548.7627129226877
-544.2772322458579
-543.9974747338842
-543.9974747338842
-543.9974747338842
-546.3945936945217
-546.3945936945217
-546.3945936945217
-546.3945936945217
-546.3945936945217
-546.3945936945217
-546.3945936945217
-546.3945936945217
-546.3945936945217
-545.128607932463
-549.1921909299908
-543.3567378535328
-542.5858370187341
-544.8907815303656
-546.7107624699246
-543.9165865083539
-541.8963973370618
-541.8963973370618
-541.8963973370618
-541.8963973370618
-541.8963973370618
-541.8963973370618
-541.8963973370618
-541.8963973370618
-541.8963973370618
-541.8963973370618
-541.8963973370618
-541.8963973370618
-541.8963973370618
-543.2493275624349
-543.083913384055
-547.7817702117364
-548.3495034088601
-543.866861420473
-543.866861420473
-542.6299075389305
-542.4577916064142
-542.4492496942901
-542.4492496942901
-544.4354955372518
-542.1910523600266
-541.2914245072309
-541.2914245072309
-541.2914245072309
-541.2914245072309
-541.2914245072309
-541.2914245072309
-541.2914245072309
-541.2914245072309
