-640.3820970143871
-564.8200984719382
-559.0098672957334
-559.0098672957334
-559.0098672957334
-559.0098672957334
-559.0098672957334
-559.0098672957334
-559.0098672957334
-559.0098672957334
-559.0098672957334
-559.0098672957334
-559.0098672957334
-559.0098672957334
-560.7078567542676
-560.7078567542676
-558.5999714968505
-562.0156534435863
-562.1390996369452
-560.7333287926735
-560.585736546937
-559.1812382810971
-559.1812382810971
-559.1812382810971
-559.1812382810971
-551.180065921519
-551.180065921519
-551.180065921519
-551.180065921519
-546.7250816143403
-545.501064605444
-545.501064605444
-545.501064605444
-545.501064605444
-545.501064605444
-545.501064605444
-545.501064605444
-545.501064605444
-543.804061280801
-543.804061280801
-543.804061280801
-543.804061280801
-543.804061280801
-543.804061280801
-543.804061280801
-543.7444658683852
-543.7444658683852
-543.7444658683852
-543.7444658683852
-543.7444658683852
-543.7444658683852
-543.7444658683852
-543.7444658683852
-543.7444658683852
-543.7444658683852
-543.7444658683852
-543.7444658683852
-543.7444658683852
-543.7444658683852
-543.7444658683852
-543.7444658683852
-543.7444658683852
-543.7444658683852
-543.7444658683852
-543.7444658683852
-543.7444658683852
-543.7444658683852
-543.7444658683852
-543.7444658683852
-543.7444658683852
-543.7444658683852
-543.5935316556113
-543.5935316556113
-543.5935316556113
-543.5935316556113
-543.5935316556113
-543.5935316556113
-543.5935316556113
-543.5935316556113
-543.8126464512743
-543.8126464512743
-543.8126464512743
-545.496943194235
-545.496943194235
-547.4420686377259
-547.4420686377259
-547.4420686377259
-547.4420686377259
-545.6389680635873
-545.6389680635873
-545.6389680635873
-545.6389680635873
-545.718201650654
-546.072886291152
-547.3251715002611
-544.8541068410482
-544.7341605554466
-546.2207816514609
-544.3269990776714
-543.2297094575403
-543.2297094575403
-544.0107014924994
-544.7768719750641
-544.7768719750641
-544.7768719750641
-544.7768719750641
-543.6807976196066
-546.2332892632742
-544.6176613210486
-544.319933896715
-545.0415410700892
-545.7479558300334
-544.207936300231
-543.415485614598
-545.3174795018309
-543.1443573086598
-543.1443573086598
-543.1443573086598
-543.1443573086598
-543.1443573086598
-543.1443573086598
-543.1443573086598
-543.1443573086598
-543.1443573086598
-544.981717038154
-544.0186656058574
-544.281706392065
-543.6316523238928
-543.9344925394502
-542.7805274516746
-542.7805274516746
-542.4677450150991
-542.4677450150991
-542.4677450150991
-542.4677450150991
-542.4677450150991
-542.4677450150991
-542.4677450150991
-542.4677450150991
-542.4677450150991
-542.4677450150991
-542.4677450150991
-542.4677450150991
-542.4677450150991
-541.2014313111604
-541.2014313111604
-542.9820614764936
-543.3020195390884
-543.3020195390884
-543.3020195390884
-542.4569212816422
-542.7814719584701
-542.7814719584701
-542.7814719584701
-543.383707002952
-543.3045448802133
-544.2183200986258
-542.0340245642549
-542.0340245642549
-542.8477006882965
-542.8477006882965
-542.5873844420057
-542.5873844420057
-543.3025794189113
-543.531208252889
-543.531208252889
-543.5694001096214
-543.7843241283447
-543.469442859228
-542.0665008596312
-542.0665008596312
-541.5701491505313
-541.5701491505313
-541.5701491505313
-541.5701491505313
-544.0853965413605
-544.0921237317863
-543.1138783189643
-543.8978981637796
-543.8978981637796
-543.4796416543589
-542.6696144063179
-542.6696144063179
-541.869788943057
-541.869788943057
-542.1609427777428
-542.1609427777428
-542.1609427777428
-542.1609427777428
-542.3503375159511
-542.3503375159511
-543.6602510037366
-543.6602510037366
-545.5342024678826
-543.7276810430221
-543.7276810430221
-543.7276810430221
-543.8477958955217
-545.06935246555
-543.9083148095975
-543.2395358442285
-541.9414011185411
-541.9414011185411
-541.9414011185411
-541.9414011185411
-541.9414011185411
-541.9414011185411
-543.1584444961834
-543.1584444961834
-542.3403928365681
-542.3403928365681
-543.7370220680731
-543.7370220680731
-543.7955086828281
-544.3871914697814
-543.0105996221998
-543.0105996221998
-543.2652171924065
-543.1515396181433
-543.1755985052216
-543.1755985052216
-543.9577861426426
-544.928234024358
-543.0633466364972
-542.7783982987745
-542.7783982987745
-542.5227681382208
-541.5858880411586
-541.5858880411586
-541.7108926037421
-542.775478127557
-543.1776621234396
-542.5628590111602
-542.5628590111602
-542.5628590111602
-544.4909818339021
-544.9918782686312
-542.5847624234186
-541.5222270788023
-541.6783068974178
-541.6783068974178
-541.6783068974178
-543.3016269507788
-542.884641166435
-542.884641166435
-543.8971984695073
-544.6878747722953
-544.8787940908331
-543.8445221184234
-546.4020299465799
-545.5956406811164
-544.5138220808533
-544.6241918748577
-544.0604125843381
-543.9660656422609
-543.9660656422609
-544.4241468320924
-546.292133175543
-543.5851761922928
-544.2540924150488
-545.9681202992231
-544.4231176918559
-544.501511641898
-542.920885809379
-543.6628498177469
-543.1901771248097
-542.6497417937827
-543.3030804025079
-543.0034718631276
-543.0034718631276
-544.0468473423405
-544.8393829491112
-543.3327664298475
-543.3327664298475
-543.3327664298475
-543.3327664298475
-544.9566067451473
-544.9566067451473
-543.9383033058517
-543.4166705925691
-543.4166705925691
-544.6836044185492
-544.2359867930403
-545.0929349517819
-543.4133348425205
-543.0397755469629
-543.0397755469629
-543.0397755469629
-542.1340047958125
-542.1340047958125
-542.1340047958125
-542.1340047958125
-542.1340047958125
-542.1340047958125
-542.1340047958125
-542.1340047958125
-542.1340047958125
-542.1340047958125
-542.1340047958125
-543.8646799774406
-543.8646799774406
-543.8646799774406
-543.8646799774406
-543.8646799774406
-543.8646799774406
-543.8646799774406
-543.8646799774406
-543.8646799774406
-543.8646799774406
-543.8646799774406
-543.8646799774406
-543.6211191030736
-543.6211191030736
-543.3753451626145
-543.3753451626145
-543.3753451626145
-543.1495102635657
-543.1495102635657
-543.1495102635657
-544.8384999832282
-544.1723033860427
-544.320794400634
-546.2847966637424
-546.2847966637424
-545.880654628793
-546.0527491643176
-544.5393043849714
-545.3677884691554
-545.8535126153955
-545.1849183304136
-545.1849183304136
-543.5112834564934
-543.9735862692679
-545.2713893841802
-545.2713893841802
-545.2713893841802
-545.2713893841802
-546.2466876618339
-546.2466876618339
-545.263320734957
-545.6130724712639
-545.6130724712639
-545.6073228076447
-544.7929315798207
-544.7196259266617
-543.3947097200079
-545.7599686171792
-545.1590666690918
-543.9373362825836
-544.2983257166495
-543.6442271865848
-543.6442271865848
-544.9606628467377
-544.0541011118122
-544.8488786781165
-544.8488786781165
-543.3185137759926
-543.3185137759926
-543.1276498963792
-543.4547911069471
-543.3908766443483
-542.5740583753396
-542.5740583753396
-543.2808066271742
-541.8427643614363
-541.8427643614363
-541.8427643614363
-541.8427643614363
-544.8100995075168
-544.8100995075168
-544.0954524459071
-544.0954524459071
-544.0954524459071
-544.0954524459071
-543.9312969983213
-544.8826957933767
-542.6832460905562
-543.2403527676141
-542.8051858221291
-542.2544478656754
-542.2544478656754
-542.2544478656754
-542.260685371839
-542.260685371839
-542.260685371839
-542.260685371839
-542.8667927958247
-543.5707498664791
-543.4921152323443
-545.2013126331148
-544.0838831791147
-542.9761629117226
-544.5667881779273
-543.3807865091347
-543.4272751343772
-543.3311984514002
-544.8066905684494
-544.2533351723541
-544.2533351723541
-544.5793911681853
-545.1692568503174
