-652.2917446907647
-652.2917446907647
-656.0007100403534
-646.3013675744752
-646.3013675744752
-646.3013675744752
-646.3013675744752
-646.3013675744752
-637.7702522967404
-637.7702522967404
-635.6310253322131
-635.6310253322131
-635.6310253322131
-635.6310253322131
-633.7193415614323
-632.4909965329249
-623.2699062461987
-623.2699062461987
-623.2699062461987
-623.2699062461987
-621.9022608305715
-621.9022608305715
-619.6298779359028
-619.6298779359028
-590.5597083168941
-590.5597083168941
-559.7061231330637
-560.204866038402
-559.1290737214373
-559.3108953070508
-556.9760436326883
-544.9180487645586
-544.9180487645586
-544.9180487645586
-544.9180487645586
-545.3184895265839
-544.5757005353108
-544.5757005353108
-544.5757005353108
-543.4069664072235
-542.4477041578192
-542.4477041578192
-542.9483017980647
-542.9483017980647
-543.7044718498148
-542.6086320407917
-542.9489895567496
-542.9489895567496
-542.9489895567496
-542.9489895567496
-542.9489895567496
-541.964540007779
-543.0539204653168
-543.2014070374275
-543.2014070374275
-544.389512129946
-544.1735746157168
-543.1215437325244
-543.1215437325244
-543.1215437325244
-543.3910961283002
-543.3910961283002
-544.7102003420481
-543.5205709777114
-543.5205709777114
-543.5205709777114
-543.5205709777114
-543.5205709777114
-543.5205709777114
-543.5205709777114
-543.5205709777114
-543.5205709777114
-543.5205709777114
-543.5205709777114
-543.5205709777114
-543.5205709777114
-543.5205709777114
-543.5205709777114
-543.5205709777114
-543.5205709777114
-543.5205709777114
-544.7582259196089
-544.6274341854739
-544.076439149118
-544.076439149118
-543.8426473891486
-544.1994079215574
-544.1994079215574
-544.7185077804495
-544.7185077804495
-544.8647502212569
-544.8647502212569
-544.8647502212569
-545.0313344463624
-544.0744487286803
-544.8787479768814
-544.2915189243912
-546.4182866924581
-543.2635603362155
-546.1839667218817
-543.7723238701822
-543.8085502898131
-544.4501490105258
-545.7249532509439
-542.6525362681291
-544.0129949901939
-543.7127994559698
-543.7127994559698
-543.3288010829701
-544.2043805901478
-544.2043805901478
-544.7338285391265
-543.6137519928689
-543.5688509062347
-543.1040999401821
-544.8872531236583
-543.7315410036913
-542.1952758929604
-542.7857744185142
-543.0771417397522
-542.1137904628141
-545.3076147144035
-544.4792539574524
-545.8612667431703
-543.5290704680816
-544.3348511278672
-544.3348511278672
-544.3348511278672
-544.3348511278672
-544.3348511278672
-544.2982021205358
-544.5580469062737
-544.5758210775801
-542.4187742925777
-542.1776973654022
-542.1776973654022
-542.1776973654022
-544.1368672421713
-542.7537906871853
-542.876906651793
-542.8171239685763
-542.8171239685763
-544.3024360758109
-543.2728042553874
-544.5695707953972
-543.6207391325912
-543.5944427210723
-542.8979949522518
-542.8979949522518
-542.8979949522518
-542.8979949522518
-543.4993904843701
-542.7397685753045
-543.9326835990878
-543.9326835990878
-543.9326835990878
-543.9326835990878
-545.300182784309
-543.4804812917365
-543.4804812917365
-543.4804812917365
-543.4804812917365
-543.4804812917365
-543.4804812917365
-543.4804812917365
-543.4804812917365
-543.4804812917365
-543.4804812917365
-543.4804812917365
-543.4804812917365
-543.4804812917365
-543.8479499736562
-544.492927681304
-544.492927681304
-543.9031000514949
-543.401793980901
-544.7250330188898
-543.5881729829799
-543.8694556964862
-544.1015434724322
-545.5217928012001
-544.5517301802862
-543.574236406314
-543.1352458539374
-543.1352458539374
-542.5588994825545
-542.5588994825545
-542.5243046789778
-542.2229190575808
-542.878767697106
-542.878767697106
-543.0953105876408
-542.9839085800551
-542.9839085800551
-542.9839085800551
-542.9839085800551
-542.9839085800551
-542.2618052459235
-543.4433246602223
-544.2420796492634
-543.0217798580175
-544.413880859341
-543.3700266494932
-544.6370570671306
-543.0636101301818
-543.0636101301818
-544.4354091605484
-542.8365269929418
-542.8365269929418
-542.8365269929418
-543.1161585080149
-545.4227418069279
-543.7066604801229
-544.8703447332442
-544.8598191976596
-544.8598191976596
-544.8598191976596
-544.8598191976596
-546.0034728444525
-546.0034728444525
-544.0593634901243
-544.0593634901243
-545.0194681965919
-545.0194681965919
-544.0087202606702
-544.0087202606702
-543.0998878943592
-543.0998878943592
-542.2520817232938
-542.2520817232938
-542.2520817232938
-542.436978637325
-542.436978637325
-544.9550963119115
-544.9550963119115
-543.4399101447457
-543.4399101447457
-543.4399101447457
-543.4399101447457
-543.4399101447457
-543.089680332947
-543.089680332947
-542.4260301222797
-542.4260301222797
-543.358409965193
-542.6351824645143
-542.6351824645143
-542.6351824645143
-544.1868742729441
-543.2652068740916
-543.2652068740916
-543.2652068740916
-543.2652068740916
-541.6002380490697
-541.6002380490697
-541.6002380490697
-541.6002380490697
-541.6002380490697
-541.6002380490697
-541.6002380490697
-541.6002380490697
-541.6002380490697
-541.6002380490697
-541.6002380490697
-541.6002380490697
-541.6002380490697
-541.6002380490697
-541.7633030340171
-541.7633030340171
-543.6985853114539
-543.2430703319932
-543.2430703319932
-542.7141443263578
-542.7141443263578
-543.0386531969665
-543.0386531969665
-542.4629580106305
-542.0615450477837
-542.9546491041208
-542.9023557754736
-542.8254900813404
-542.8254900813404
-542.9766121060329
-542.4393579568092
-543.6307404518831
-544.5462350430408
-542.2423082418879
-542.2423082418879
-542.2423082418879
-542.3365719928781
-543.0087298873328
-543.6210486550509
-542.9797871866991
-542.9797871866991
-544.3311499146442
-543.3741911803796
-543.0611224898342
-543.0611224898342
-543.0611224898342
-543.9418422173064
-544.1802026691159
-544.1546862285936
-544.1546862285936
-543.9551484167181
-542.7497459075518
-542.7497459075518
-544.2829538075607
-544.6786941833234
-544.3572902792815
-543.9669097937087
-544.0318004877646
-542.9345357354607
-542.9287543188851
-541.9408959598892
-541.9408959598892
-541.9408959598892
-542.2350073608836
-542.2350073608836
-542.2350073608836
-542.6280986837166
-542.6280986837166
-542.6280986837166
-544.5949867448302
-542.2542999383675
-543.8792089197119
-543.3172081764353
-544.0232414539366
-542.017445970863
-544.2881136005034
-544.3905141820393
-543.0248956756843
-545.3270141845502
-543.2887292852778
-542.9238561666267
-542.9238561666267
-542.5614178327658
-542.4327495619275
-543.4822642438102
-543.2567468313315
-543.6984409339542
-542.8134283756083
-543.5237958540595
-542.6653067846963
-543.3400314939676
-543.6381949301867
-543.1253553027232
-543.1253553027232
-540.0574368902242
-540.0574368902242
-540.0574368902242
-540.0574368902242
-540.0574368902242
-540.0574368902242
-540.0574368902242
-540.0574368902242
-540.0574368902242
-540.0574368902242
-540.0574368902242
-542.6786238356173
-542.6786238356173
-543.7935632894812
-544.0451068035518
-543.7469189920898
-544.9982179907232
-543.641571177193
-544.1347481184051
-542.8391868349019
-542.8391868349019
-543.4276946470947
-543.4276946470947
-544.459413854597
-542.5405833837234
-542.5405833837234
-542.5405833837234
-542.5405833837234
-542.5405833837234
-542.5405833837234
-545.3669008501461
-545.900583877837
-544.0982873909329
-544.9447982168214
-543.8219240189528
-544.3955068525438
-543.7174929822365
-542.873995237795
-543.3888511100561
-543.3888511100561
-546.4162706125214
-542.3163773503383
-544.7812968050981
-544.7812968050981
-541.1097876643466
-543.7607497734939
-543.7607497734939
-543.5373271495795
-544.0932249786697
-544.0932249786697
-542.4329563941692
-542.4329563941692
-542.4329563941692
-543.1446300392402
